64.167484,62.900345,59.618092,56.434566,53.651086,51.195700,49.002546,47.022362,45.222333,43.578890,42.071866,40.682840,39.396073,38.199406,37.083898,36.042559,35.069118,34.157423,33.301523,32.496070,31.736665,31.019912,30.343182,29.704180,29.100514,28.529355,27.987340,27.470673,26.975530,26.498613,26.037900,25.593338,25.167380,24.765091,24.393594,24.060882,23.773793,23.536214,23.346958,23.199449,23.080271,22.972104,22.851273,22.698616,22.487660,22.211497,21.844781,21.414703,20.892964,20.360575,19.702552,19.082779,18.292085,17.608121,16.512654,15.280844,13.852125,15.300634,16.906250,20.554506,23.864755,31.670142,38.841462,56.906958
25.860188,13.887014,14.650410,16.492044,18.056942,19.288884,20.248767,20.992735,21.563943,21.995219,22.312604,22.537510,22.687530,22.776769,22.816298,22.814805,22.779285,22.715569,22.628675,22.522944,22.402156,22.269482,22.127617,21.978610,21.824168,21.665259,21.502810,21.336858,21.168094,20.996021,20.822185,20.646045,20.471480,20.297708,20.132306,19.972103,19.829500,19.693813,19.584740,19.475581,19.400641,19.303539,19.250516,19.132062,19.082596,18.895520,18.841932,18.534344,18.504117,18.023135,18.089728,17.346261,17.636278,16.481664,17.177356,15.313255,16.704368,14.044341,17.243811,13.391334,20.433731,15.163223,34.430985,11.140387
-11.055927,-0.066184,3.034727,4.641706,5.832812,6.841374,7.729309,8.522842,9.237244,9.881041,10.458924,10.974942,11.434265,11.843081,12.207555,12.532945,12.823351,13.082000,13.311704,13.515171,13.695088,13.853976,13.994015,14.116855,14.223618,14.314918,14.391187,14.452800,14.500691,14.536248,14.562166,14.581507,14.598923,14.617976,14.643616,14.676523,14.719439,14.766321,14.817672,14.858420,14.891540,14.890714,14.872511,14.793536,14.705312,14.526723,14.386257,14.109500,13.986971,13.610134,13.596698,13.049082,13.288575,12.387200,13.043292,11.369851,13.137692,11.008737,14.737350,10.612341,18.243890,10.351342,29.352917,-38.339913
-4.485153,-1.587246,0.054462,1.052679,1.764879,2.360708,2.900580,3.404957,3.882500,4.337076,4.769023,5.176805,5.559260,5.916962,6.252116,6.567526,6.865547,7.147608,7.414327,7.665917,7.902554,8.124532,8.332212,8.525898,8.705750,8.871861,9.024488,9.164410,9.293282,9.413884,9.530095,9.646524,9.767760,9.897294,10.036356,10.182760,10.330461,10.469288,10.586217,10.665982,10.694640,10.660106,10.558981,10.391669,10.174167,9.916300,9.658023,9.392265,9.194607,8.960980,8.877087,8.632895,8.727044,8.302534,8.610237,7.706704,9.197256,8.307109,11.443479,9.251297,15.696878,10.247397,23.975849,-40.112155
-3.969236,-1.871162,-0.686226,-0.033609,0.381305,0.710613,1.012367,1.303531,1.588315,1.868049,2.142757,2.411149,2.671376,2.922246,3.163889,3.397507,3.624556,3.845977,4.061859,4.271571,4.474122,4.668539,4.854095,5.030414,5.197507,5.355834,5.506428,5.651035,5.792188,5.933071,6.077114,6.227248,6.384929,6.549049,6.714983,6.874120,7.014002,7.119602,7.175156,7.167793,7.090310,6.946227,6.748531,6.521982,6.292554,6.091262,5.936791,5.844324,5.813457,5.820035,5.891244,5.931778,6.093559,6.037603,6.307749,6.035595,7.018150,6.772564,8.981717,8.444892,13.447984,10.965895,18.078268,-44.890429
-2.989029,-1.659639,-0.855171,-0.422866,-0.174365,0.007876,0.174262,0.339743,0.506543,0.674294,0.842656,1.011151,1.178862,1.344733,1.508136,1.669134,1.828273,1.986081,2.142643,2.297451,2.449552,2.597868,2.741532,2.880143,3.013919,3.143732,3.271070,3.397881,3.526331,3.658331,3.794987,3.935815,4.078110,4.216252,4.341756,4.443536,4.509722,4.529549,4.497306,4.414718,4.294540,4.158707,4.036231,3.954959,3.936577,3.991937,4.117627,4.302917,4.525419,4.766796,5.015498,5.240858,5.489215,5.642315,5.952177,5.890247,6.315665,6.211647,7.597672,7.998372,11.885601,11.464283,12.048988,-46.854995
-2.129798,-1.347411,-0.844076,-0.578449,-0.440376,-0.347911,-0.262684,-0.173202,-0.078635,0.019535,0.120278,0.223196,0.328002,0.434196,0.541169,0.648467,0.755944,0.863658,0.971638,1.079673,1.187272,1.293787,1.398661,1.501657,1.603022,1.703497,1.804193,1.906303,2.010738,2.117623,2.225876,2.332716,2.433582,2.522111,2.591123,2.633670,2.645730,2.627945,2.589015,2.544968,2.519831,2.538550,2.624594,2.790601,3.039463,3.360629,3.733390,4.133968,4.531968,4.912561,5.251300,5.552957,5.813369,6.040920,6.281756,6.219118,6.281244,6.151221,6.963032,7.806453,10.976531,11.427872,6.085190,-47.106850
-1.421142,-1.026094,-0.764145,-0.636185,-0.583371,-0.554052,-0.523013,-0.483556,-0.436506,-0.384149,-0.328147,-0.269264,-0.207737,-0.143734,-0.077592,-0.009783,0.059256,0.129240,0.200034,0.271547,0.343635,0.416077,0.488643,0.561217,0.633894,0.706984,0.780913,0.855982,0.932090,1.008392,1.083119,1.153447,1.215841,1.266528,1.302838,1.324380,1.335213,1.344412,1.367337,1.422871,1.532479,1.713936,1.980907,2.336607,2.775831,3.280289,3.821629,4.366793,4.877615,5.335158,5.712085,6.024412,6.257893,6.459411,6.589691,6.505675,6.413006,6.254226,6.745619,7.806827,10.531221,10.694147,0.274233,-45.948415
-0.830359,-0.722024,-0.654438,-0.643407,-0.662247,-0.682697,-0.691683,-0.687903,-0.674366,-0.654209,-0.629572,-0.601627,-0.570876,-0.537491,-0.501630,-0.463587,-0.423774,-0.382600,-0.340357,-0.297197,-0.253174,-0.208311,-0.162637,-0.116190,-0.068985,-0.021026,0.027659,0.076893,0.126225,0.174776,0.221253,0.264035,0.301646,0.333316,0.360076,0.385518,0.416990,0.465372,0.545459,0.673833,0.868910,1.147073,1.522858,2.001507,2.578444,3.229464,3.916258,4.587995,5.194669,5.705544,6.096918,6.386207,6.572929,6.698193,6.741201,6.657479,6.523874,6.371189,6.749385,7.973040,10.307098,9.114389,-5.313934,-43.458471
-0.340226,-0.444355,-0.531982,-0.620470,-0.701762,-0.764363,-0.805290,-0.828531,-0.839698,-0.843080,-0.841289,-0.835799,-0.827396,-0.816452,-0.803150,-0.787669,-0.770290,-0.751372,-0.731266,-0.710230,-0.688391,-0.665776,-0.642364,-0.618138,-0.593119,-0.567390,-0.541107,-0.514537,-0.488080,-0.462288,-0.437780,-0.415092,-0.394286,-0.374542,-0.353438,-0.326526,-0.286570,-0.223553,-0.123871,0.029072,0.255882,0.578225,1.017790,1.586187,2.281147,3.071542,3.905059,4.706841,5.410060,5.968061,6.363106,6.615385,6.744626,6.790500,6.783445,6.712348,6.578912,6.471598,6.901363,8.283580,9.998458,6.527689,-10.535121,-39.647820
0.063108,-0.196143,-0.405599,-0.577884,-0.714170,-0.813934,-0.881855,-0.926557,-0.956397,-0.977152,-0.992103,-1.002997,-1.010811,-1.016118,-1.019252,-1.020427,-1.019858,-1.017815,-1.014618,-1.010570,-1.005895,-1.000715,-0.995065,-0.988936,-0.982326,-0.975285,-0.967930,-0.960459,-0.953138,-0.946270,-0.940098,-0.934680,-0.929615,-0.923760,-0.914750,-0.898603,-0.868965,-0.816580,-0.727960,-0.584860,-0.362794,-0.033128,0.435044,1.063338,1.855774,2.778055,3.762783,4.707013,5.519453,6.132855,6.533730,6.749086,6.821534,6.807017,6.775507,6.714781,6.596109,6.589659,7.204387,8.649559,9.183928,2.821031,-15.056114,-34.555476
0.392612,0.022527,-0.280481,-0.522065,-0.706553,-0.839685,-0.931367,-0.993876,-1.038130,-1.071609,-1.098531,-1.121040,-1.140270,-1.156918,-1.171462,-1.184234,-1.195491,-1.205482,-1.214483,-1.222787,-1.230666,-1.238328,-1.245902,-1.253446,-1.260984,-1.268548,-1.276205,-1.284082,-1.292352,-1.301210,-1.310798,-1.321104,-1.331775,-1.341901,-1.349631,-1.351758,-1.342938,-1.314838,-1.254563,-1.143243,-0.953828,-0.651334,-0.194345,0.453388,1.309152,2.343693,3.477971,4.579784,5.524044,6.215256,6.637728,6.826971,6.851084,6.794538,6.749021,6.693720,6.620859,6.801429,7.654829,8.796293,7.336836,-1.873418,-18.272416,-28.397400
0.659861,0.212969,-0.159925,-0.457512,-0.683669,-0.846851,-0.959985,-1.037883,-1.093597,-1.136311,-1.171393,-1.201592,-1.228279,-1.252243,-1.274042,-1.294113,-1.312806,-1.330418,-1.347233,-1.363538,-1.379615,-1.395718,-1.412048,-1.428746,-1.445901,-1.463578,-1.481845,-1.500795,-1.520557,-1.541282,-1.563099,-1.586049,-1.609958,-1.634270,-1.657771,-1.678208,-1.691633,-1.691482,-1.666928,-1.600696,-1.465766,-1.223047,-0.821023,-0.205491,0.662161,1.769865,3.037239,4.307288,5.412978,6.218941,6.694044,6.877992,6.866724,6.779838,6.720382,6.682457,6.735786,7.177665,8.090765,8.186498,4.052387,-6.903412,-19.441678,-21.679315
0.873964,0.376814,-0.046152,-0.387664,-0.649137,-0.839191,-0.971925,-1.063581,-1.128781,-1.178237,-1.218546,-1.253244,-1.284090,-1.312018,-1.337641,-1.361451,-1.383871,-1.405269,-1.425975,-1.446301,-1.466547,-1.486990,-1.507875,-1.529399,-1.551715,-1.574937,-1.599161,-1.624481,-1.651002,-1.678842,-1.708112,-1.738890,-1.771155,-1.804692,-1.838946,-1.872778,-1.904025,-1.928715,-1.939508,-1.923014,-1.855421,-1.697424,-1.390637,-0.863190,-0.049246,1.069817,2.429767,3.862630,5.158229,6.128247,6.704631,6.918705,6.894173,6.787105,6.716561,6.748428,7.031289,7.633485,8.033307,6.191186,-0.502812,-11.061152,-18.154096,-15.133760
1.041578,0.515482,0.059229,-0.315267,-0.605909,-0.819686,-0.970372,-1.074637,-1.148061,-1.202598,-1.246029,-1.282780,-1.315142,-1.344297,-1.370949,-1.395626,-1.418787,-1.440847,-1.462183,-1.483146,-1.504068,-1.525255,-1.546982,-1.569482,-1.592944,-1.617518,-1.643318,-1.670443,-1.698977,-1.729002,-1.760599,-1.793846,-1.828817,-1.865576,-1.904160,-1.944526,-1.986379,-2.028672,-2.068332,-2.097529,-2.098651,-2.036995,-1.853314,-1.463343,-0.773838,0.274651,1.655426,3.214521,4.711719,5.898500,6.643286,6.947535,6.954109,6.852239,6.799044,6.972029,7.433949,7.729180,6.777364,2.598787,-5.308367,-13.122215,-14.855540,-9.456229
1.167937,0.630245,0.155001,-0.242568,-0.556467,-0.790827,-0.957901,-1.073913,-1.154808,-1.213431,-1.258620,-1.295710,-1.327625,-1.355898,-1.381396,-1.404707,-1.426315,-1.446655,-1.466128,-1.485113,-1.503966,-1.523023,-1.542588,-1.562926,-1.584251,-1.606727,-1.630475,-1.655581,-1.682104,-1.710087,-1.739570,-1.770614,-1.803337,-1.837986,-1.875036,-1.915323,-1.960147,-2.011137,-2.069452,-2.133434,-2.193640,-2.224346,-2.172777,-1.951901,-1.448679,-0.561616,0.737593,2.341002,4.010104,5.446139,6.434113,6.918449,7.037188,7.001207,7.015231,7.274473,7.479318,6.739358,3.890053,-1.915793,-8.877513,-12.683651,-10.745634,-5.042682
1.258015,0.722543,0.240296,-0.171444,-0.502937,-0.754746,-0.936678,-1.063747,-1.151709,-1.213938,-1.260139,-1.296521,-1.326688,-1.352612,-1.375390,-1.395716,-1.414116,-1.431042,-1.446907,-1.462092,-1.476962,-1.491863,-1.507121,-1.523028,-1.539825,-1.557693,-1.576756,-1.597086,-1.618713,-1.641639,-1.665862,-1.691408,-1.718398,-1.747154,-1.778394,-1.813499,-1.854858,-1.906111,-1.971892,-2.056205,-2.158173,-2.263685,-2.332860,-2.287230,-2.008197,-1.363051,-0.264359,1.252875,2.996080,4.651545,5.926397,6.686228,7.022978,7.131220,7.204894,7.199270,6.412495,4.169174,-0.212407,-5.927169,-10.190916,-10.442177,-6.966459,-1.939450
1.317104,0.794243,0.314654,-0.103450,-0.447170,-0.713295,-0.908547,-1.046078,-1.140946,-1.206687,-1.253655,-1.288849,-1.316565,-1.339269,-1.358354,-1.374665,-1.388798,-1.401234,-1.412399,-1.422673,-1.432413,-1.441958,-1.451633,-1.461742,-1.472548,-1.484259,-1.497017,-1.510896,-1.525911,-1.542034,-1.559225,-1.577464,-1.596833,-1.617637,-1.640640,-1.667423,-1.700903,-1.745876,-1.809288,-1.899425,-2.022845,-2.177276,-2.339295,-2.448442,-2.396992,-2.041637,-1.250109,0.022134,1.665290,3.403502,4.908010,5.966201,6.576034,6.841303,6.823640,6.019414,3.783730,0.375799,-4.214346,-8.106971,-9.356950,-7.578642,-4.044968,0.041722
1.350716,0.847641,0.378062,-0.039823,-0.390796,-0.668112,-0.875100,-1.022530,-1.124293,-1.193732,-1.241612,-1.275603,-1.300667,-1.319800,-1.334746,-1.346545,-1.355889,-1.363304,-1.369235,-1.374073,-1.378167,-1.381840,-1.385398,-1.389137,-1.393327,-1.398199,-1.403924,-1.410602,-1.418261,-1.426872,-1.436369,-1.446692,-1.457858,-1.470084,-1.484028,-1.501186,-1.524503,-1.559124,-1.613052,-1.697090,-1.823051,-1.998554,-2.216555,-2.439371,-2.583210,-2.517131,-2.092107,-1.204331,0.126147,1.704305,3.228515,4.440876,5.222317,5.520969,5.197774,3.376962,0.097309,-3.366912,-6.681304,-8.120231,-7.324135,-4.961960,-2.003377,1.179799
1.364107,0.885251,0.430912,0.018534,-0.335233,-0.620671,-0.837731,-0.994465,-1.103183,-1.176688,-1.225914,-1.259051,-1.281675,-1.297317,-1.308113,-1.315346,-1.319834,-1.322159,-1.322793,-1.322140,-1.320553,-1.318347,-1.315808,-1.313209,-1.310810,-1.308846,-1.307515,-1.306952,-1.307226,-1.308334,-1.310219,-1.312798,-1.316024,-1.319992,-1.325166,-1.332766,-1.345408,-1.367945,-1.408365,-1.478272,-1.592209,-1.764419,-2.001099,-2.286690,-2.567227,-2.741011,-2.671510,-2.232127,-1.379303,-0.219465,1.020368,2.091791,2.794567,2.943497,2.280890,-0.095876,-3.306707,-5.692423,-7.064773,-6.651608,-5.053951,-2.917760,-0.661549,1.740067
1.361821,0.909536,0.473891,0.071057,-0.281670,-0.572297,-0.797685,-0.963042,-1.078769,-1.156804,-1.207997,-1.240900,-1.261614,-1.274187,-1.281172,-1.284132,-1.284047,-1.281575,-1.277218,-1.271391,-1.264456,-1.256727,-1.248482,-1.239975,-1.231443,-1.223113,-1.215190,-1.207841,-1.201177,-1.195245,-1.190024,-1.185441,-1.181409,-1.177911,-1.175192,-1.174111,-1.176752,-1.187267,-1.212866,-1.264599,-1.357467,-1.508806,-1.733304,-2.032758,-2.381385,-2.713036,-2.922434,-2.892472,-2.552854,-1.944298,-1.210323,-0.542427,-0.141541,-0.218809,-0.992412,-3.095722,-5.230084,-6.094292,-5.873252,-4.655466,-3.082165,-1.445297,0.182767,1.936832
1.347482,0.922701,0.507842,0.117486,-0.231042,-0.524156,-0.756084,-0.929266,-1.051986,-1.135026,-1.188906,-1.222365,-1.241929,-1.252118,-1.255896,-1.255137,-1.251018,-1.244298,-1.235518,-1.225104,-1.213419,-1.200778,-1.187458,-1.173704,-1.159738,-1.145771,-1.132001,-1.118607,-1.105736,-1.093482,-1.081876,-1.070881,-1.060406,-1.050362,-1.040804,-1.032238,-1.026155,-1.025821,-1.037234,-1.070027,-1.137995,-1.258605,-1.450247,-1.725528,-2.080116,-2.480186,-2.856723,-3.117986,-3.190591,-3.076055,-2.852698,-2.639784,-2.576208,-2.803080,-3.412261,-4.674465,-5.420939,-5.063450,-4.061527,-2.811787,-1.598042,-0.448140,0.692077,1.938313
1.323855,0.926613,0.533653,0.157805,-0.184020,-0.477225,-0.713922,-0.894012,-1.023593,-1.112060,-1.169366,-1.204257,-1.223571,-1.232234,-1.233603,-1.229869,-1.222429,-1.212175,-1.199705,-1.185456,-1.169787,-1.153008,-1.135392,-1.117181,-1.098591,-1.079821,-1.061059,-1.042485,-1.024260,-1.006514,-0.989325,-0.972706,-0.956591,-0.940867,-0.925465,-0.910600,-0.897221,-0.887698,-0.886683,-0.901979,-0.945235,-1.032065,-1.180832,-1.408794,-1.724665,-2.118369,-2.552396,-2.962289,-3.279650,-3.482137,-3.603599,-3.703478,-3.849903,-4.098063,-4.439907,-4.825515,-4.505998,-3.544016,-2.436937,-1.461539,-0.615535,0.177425,0.983807,1.868733
1.293062,0.922836,0.552193,0.192179,-0.141022,-0.432274,-0.672053,-0.858045,-0.994217,-1.088429,-1.149853,-1.187064,-1.207083,-1.215176,-1.215052,-1.209209,-1.199277,-1.186299,-1.170951,-1.153697,-1.134890,-1.114824,-1.093761,-1.071936,-1.049564,-1.026839,-1.003944,-0.981054,-0.958333,-0.935931,-0.913961,-0.892480,-0.871465,-0.850815,-0.830407,-0.810261,-0.790896,-0.773893,-0.762628,-0.763037,-0.784291,-0.839180,-0.943772,-1.115495,-1.368732,-1.707531,-2.116933,-2.555376,-2.962518,-3.302340,-3.578902,-3.811857,-4.022604,-4.217918,-4.362460,-4.179834,-3.336705,-2.280307,-1.362746,-0.652071,-0.047783,0.533446,1.140079,1.799997
1.256827,0.912713,0.564300,0.220901,-0.102252,-0.389855,-0.631171,-0.822016,-0.964373,-1.064514,-1.130655,-1.171023,-1.192698,-1.201201,-1.200548,-1.193525,-1.181986,-1.167137,-1.149751,-1.130331,-1.109232,-1.086732,-1.063073,-1.038474,-1.013143,-0.987274,-0.961046,-0.934636,-0.908210,-0.881925,-0.855914,-0.830270,-0.805015,-0.780085,-0.755355,-0.730741,-0.706467,-0.683493,-0.664113,-0.652583,-0.655707,-0.683268,-0.748091,-0.865258,-1.049776,-1.311927,-1.650181,-2.039906,-2.431977,-2.787566,-3.093950,-3.348770,-3.551829,-3.696428,-3.767628,-3.365336,-2.422414,-1.505511,-0.791206,-0.240419,0.240557,0.714605,1.215337,1.753942
1.216650,0.897443,0.570780,0.244350,-0.067736,-0.350312,-0.591792,-0.786448,-0.934478,-1.040583,-1.111915,-1.156191,-1.180416,-1.190277,-1.190050,-1.182775,-1.170523,-1.154659,-1.136057,-1.115277,-1.092686,-1.068550,-1.043086,-1.016494,-0.988966,-0.960689,-0.931846,-0.902615,-0.873168,-0.843668,-0.814265,-0.785074,-0.756158,-0.727500,-0.699007,-0.670565,-0.642218,-0.614490,-0.588831,-0.568124,-0.557154,-0.562996,-0.595208,-0.665604,-0.787154,-0.971256,-1.222639,-1.527956,-1.851071,-2.159194,-2.434633,-2.666852,-2.850133,-2.980104,-3.073441,-2.681647,-1.845309,-1.098046,-0.517053,-0.049052,0.373050,0.794665,1.242005,1.721855
1.173885,0.878127,0.572422,0.262968,-0.037361,-0.313815,-0.554263,-0.751730,-0.904845,-1.016815,-1.093668,-1.142486,-1.170067,-1.182167,-1.183265,-1.176624,-1.164515,-1.148452,-1.129414,-1.108019,-1.084657,-1.059590,-1.033017,-1.005113,-0.976050,-0.946006,-0.915160,-0.883698,-0.851798,-0.819637,-0.787379,-0.755160,-0.723080,-0.691168,-0.659378,-0.627614,-0.595835,-0.564279,-0.533794,-0.506218,-0.484757,-0.474287,-0.481566,-0.515224,-0.585295,-0.701707,-0.870886,-1.086267,-1.323820,-1.560503,-1.781343,-1.976210,-2.141703,-2.280971,-2.438732,-2.159787,-1.482034,-0.867743,-0.371016,0.045834,0.431587,0.821207,1.237434,1.686965
1.129730,0.855768,0.569988,0.277241,-0.010919,-0.280384,-0.518769,-0.718114,-0.875687,-0.993305,-1.075867,-1.129729,-1.161360,-1.176491,-1.179731,-1.174536,-1.163353,-1.147840,-1.129072,-1.107727,-1.084222,-1.058824,-1.031719,-1.003062,-0.973006,-0.941714,-0.909364,-0.876144,-0.842247,-0.807864,-0.773179,-0.738354,-0.703520,-0.668754,-0.634062,-0.599386,-0.564663,-0.529966,-0.495739,-0.463079,-0.434030,-0.411820,-0.401037,-0.407679,-0.438966,-0.502513,-0.604151,-0.741022,-0.898528,-1.062698,-1.224077,-1.376442,-1.520768,-1.668089,-1.883565,-1.733757,-1.201676,-0.691366,-0.263263,0.107985,0.459727,0.820639,1.210767,1.637139
1.085192,0.831254,0.564200,0.287673,0.011874,-0.249931,-0.485362,-0.685722,-0.847110,-0.970071,-1.058400,-1.117669,-1.153924,-1.172769,-1.178877,-1.175847,-1.166284,-1.151977,-1.134094,-1.113370,-1.090252,-1.065012,-1.037833,-1.008855,-0.978217,-0.946073,-0.912595,-0.877977,-0.842426,-0.806154,-0.769370,-0.732266,-0.695009,-0.657718,-0.620452,-0.583201,-0.545913,-0.508577,-0.471384,-0.434937,-0.400472,-0.370054,-0.346706,-0.334462,-0.338279,-0.363564,-0.414782,-0.490943,-0.583877,-0.686133,-0.793270,-0.903136,-1.020120,-1.160523,-1.398628,-1.348475,-0.936437,-0.519546,-0.160056,0.162741,0.476802,0.806067,1.167418,1.567340
1.041035,0.805320,0.555716,0.294774,0.031347,-0.222286,-0.453989,-0.654564,-0.819122,-0.947055,-1.041096,-1.106005,-1.147331,-1.170462,-1.180059,-1.179817,-1.172472,-1.159929,-1.143446,-1.123813,-1.101507,-1.076809,-1.049901,-1.020918,-0.989990,-0.957267,-0.922921,-0.887154,-0.850190,-0.812266,-0.773621,-0.734482,-0.695053,-0.655500,-0.615930,-0.576379,-0.536821,-0.497212,-0.457599,-0.418266,-0.379918,-0.343837,-0.311983,-0.287027,-0.272289,-0.271440,-0.287607,-0.320677,-0.366442,-0.421405,-0.484367,-0.555947,-0.642121,-0.760698,-0.982655,-0.988121,-0.674556,-0.346886,-0.056230,0.216106,0.489545,0.783485,1.111230,1.477649
0.997763,0.778535,0.545102,0.299029,0.047857,-0.197223,-0.424520,-0.624559,-0.791643,-0.924127,-1.023729,-1.094393,-1.141113,-1.168989,-1.182595,-1.185668,-1.181042,-1.170725,-1.156059,-1.137888,-1.116719,-1.092849,-1.066459,-1.037684,-1.006656,-0.973524,-0.938469,-0.901707,-0.863482,-0.824059,-0.783711,-0.742706,-0.701291,-0.659676,-0.618012,-0.576382,-0.534787,-0.493179,-0.451522,-0.409911,-0.368716,-0.328714,-0.291174,-0.257875,-0.231038,-0.213119,-0.206222,-0.210611,-0.224327,-0.245959,-0.275859,-0.315919,-0.372118,-0.460585,-0.640002,-0.663518,-0.431231,-0.184852,0.042468,0.266254,0.499055,0.755581,1.045541,1.371362
0.955637,0.751295,0.532825,0.300887,0.061768,-0.174479,-0.396770,-0.595558,-0.764521,-0.901090,-1.006026,-1.082455,-1.134779,-1.167747,-1.185780,-1.192604,-1.191111,-1.183394,-1.170872,-1.154444,-1.134651,-1.111805,-1.086096,-1.057662,-1.026641,-0.993191,-0.957509,-0.919829,-0.880422,-0.839586,-0.797631,-0.754870,-0.711595,-0.668060,-0.624464,-0.580926,-0.537478,-0.494076,-0.450644,-0.407165,-0.363805,-0.321026,-0.279672,-0.240960,-0.206418,-0.177713,-0.156263,-0.142467,-0.135537,-0.135015,-0.141692,-0.157642,-0.187870,-0.245047,-0.372092,-0.391381,-0.224454,-0.045534,0.128861,0.309594,0.504535,0.723821,0.973797,1.254104
0.914709,0.723839,0.519242,0.300739,0.073432,-0.153772,-0.370516,-0.567368,-0.737550,-0.877696,-0.987667,-1.069779,-1.127815,-1.166119,-1.188902,-1.199825,-1.201800,-1.196982,-1.186855,-1.172376,-1.154122,-1.132429,-1.107497,-1.079475,-1.048510,-1.014777,-0.978494,-0.939921,-0.899362,-0.857150,-0.813640,-0.769187,-0.724131,-0.678775,-0.633361,-0.588045,-0.542889,-0.497854,-0.452846,-0.407784,-0.362708,-0.317896,-0.273930,-0.231694,-0.192294,-0.156916,-0.126555,-0.101625,-0.081883,-0.067224,-0.058345,-0.056925,-0.066616,-0.096242,-0.174043,-0.180891,-0.063426,0.064829,0.198430,0.343521,0.505137,0.689427,0.899721,1.133050
0.874885,0.696278,0.504610,0.298914,0.083178,-0.134818,-0.345520,-0.539763,-0.710489,-0.853656,-0.968295,-1.055925,-1.119689,-1.163479,-1.191247,-1.206537,-1.212243,-1.210558,-1.203019,-1.190637,-1.174031,-1.153564,-1.129458,-1.101876,-1.070980,-1.036965,-1.000077,-0.960608,-0.918897,-0.875321,-0.830275,-0.784164,-0.737378,-0.690266,-0.643114,-0.596119,-0.549366,-0.502829,-0.456404,-0.409969,-0.363490,-0.317131,-0.271320,-0.226746,-0.184272,-0.144801,-0.109077,-0.077474,-0.049968,-0.026537,-0.007613,0.005687,0.011014,0.002870,-0.035677,-0.030230,0.052722,0.146161,0.250114,0.367188,0.500691,0.653695,0.826999,1.015632
0.835977,0.668631,0.489102,0.295677,0.091300,-0.117339,-0.321535,-0.512510,-0.683079,-0.828660,-0.947529,-1.040432,-1.109851,-1.159194,-1.192101,-1.211953,-1.221594,-1.223221,-1.218416,-1.208237,-1.193348,-1.174149,-1.150887,-1.123748,-1.092914,-1.058606,-1.021098,-0.980720,-0.937851,-0.892909,-0.846340,-0.798595,-0.750111,-0.701289,-0.652460,-0.603858,-0.555598,-0.507668,-0.459959,-0.412322,-0.364674,-0.317104,-0.269947,-0.223780,-0.179329,-0.137337,-0.098400,-0.062836,-0.030691,-0.001929,0.023263,0.044282,0.059807,0.066783,0.055862,0.070391,0.131239,0.202329,0.285472,0.381245,0.491745,0.617940,0.758731,0.907971
0.797758,0.640861,0.472823,0.291230,0.098046,-0.101084,-0.298322,-0.485373,-0.655059,-0.802390,-0.924976,-1.022822,-1.097741,-1.152621,-1.190747,-1.215296,-1.229018,-1.234095,-1.232133,-1.224236,-1.211112,-1.193203,-1.170790,-1.144088,-1.113307,-1.078695,-1.040559,-0.999266,-0.955238,-0.908941,-0.860865,-0.811510,-0.761364,-0.710873,-0.660416,-0.610269,-0.560577,-0.511348,-0.462473,-0.413785,-0.365160,-0.316633,-0.268476,-0.221197,-0.175446,-0.131883,-0.091016,-0.053108,-0.018219,0.013702,0.042648,0.068386,0.090309,0.106942,0.113511,0.133782,0.181482,0.238733,0.307408,0.387214,0.479283,0.583294,0.696942,0.813730
0.760005,0.612905,0.455835,0.285725,0.103621,-0.085833,-0.275665,-0.458132,-0.626180,-0.774539,-0.900247,-1.002616,-1.082793,-1.143115,-1.186471,-1.215790,-1.233694,-1.242322,-1.243289,-1.237734,-1.226411,-1.209809,-1.188251,-1.161985,-1.131255,-1.096342,-1.057586,-1.015394,-0.970230,-0.922605,-0.873058,-0.822136,-0.770374,-0.718266,-0.666236,-0.614602,-0.563548,-0.513105,-0.463171,-0.413567,-0.364134,-0.314862,-0.265967,-0.217910,-0.171298,-0.126750,-0.084725,-0.045444,-0.008973,0.024738,0.055779,0.084153,0.109697,0.131868,0.148432,0.171909,0.212073,0.260667,0.319117,0.386904,0.464384,0.550520,0.642412,0.733848
0.722523,0.584698,0.438171,0.279267,0.108177,-0.071409,-0.253382,-0.430595,-0.596221,-0.744825,-0.872976,-0.979354,-1.064450,-1.130032,-1.178558,-1.212665,-1.234809,-1.247059,-1.251021,-1.247859,-1.238373,-1.223099,-1.202408,-1.176590,-1.145928,-1.110738,-1.071397,-1.028349,-0.982102,-0.933210,-0.882258,-0.829840,-0.776534,-0.722880,-0.669347,-0.616296,-0.563950,-0.512374,-0.461481,-0.411085,-0.361001,-0.311169,-0.261756,-0.213178,-0.166013,-0.120865,-0.078171,-0.038127,-0.000809,0.033807,0.065843,0.095437,0.122683,0.147550,0.169144,0.194069,0.229734,0.272532,0.323452,0.382008,0.447974,0.519943,0.594848,0.667096
0.685163,0.556189,0.419852,0.271930,0.111823,-0.057684,-0.231333,-0.402612,-0.565000,-0.713007,-0.842836,-0.952605,-1.042180,-1.112749,-1.166305,-1.205156,-1.231557,-1.247473,-1.254481,-1.253759,-1.246148,-1.232233,-1.212437,-1.187098,-1.156543,-1.121128,-1.081267,-1.037443,-0.990203,-0.940143,-0.887892,-0.834084,-0.779341,-0.724244,-0.669302,-0.614922,-0.561368,-0.508742,-0.456983,-0.405910,-0.355315,-0.305094,-0.255360,-0.206478,-0.159005,-0.113538,-0.070514,-0.030124,0.007541,0.042461,0.074749,0.104604,0.132261,0.157967,0.181527,0.206663,0.239198,0.277639,0.322681,0.373913,0.430724,0.491519,0.553278,0.611087
0.647829,0.527357,0.400900,0.263762,0.114625,-0.044583,-0.209439,-0.374090,-0.532395,-0.678906,-0.809562,-0.921998,-1.015497,-1.090674,-1.149033,-1.192518,-1.223143,-1.242739,-1.252829,-1.254593,-1.248902,-1.236391,-1.217536,-1.192730,-1.162348,-1.126788,-1.086507,-1.042023,-0.993922,-0.942838,-0.889437,-0.834391,-0.778360,-0.721960,-0.665739,-0.610142,-0.555479,-0.501895,-0.449362,-0.397716,-0.346738,-0.296284,-0.246408,-0.197424,-0.149857,-0.104303,-0.061217,-0.020798,0.016839,0.051624,0.083634,0.113082,0.140281,0.165631,0.189322,0.213753,0.243594,0.278328,0.318466,0.363650,0.413047,0.464964,0.516486,0.563241
0.610483,0.498212,0.381347,0.254800,0.116614,-0.032084,-0.187681,-0.345008,-0.498359,-0.642421,-0.772969,-0.887241,-0.983991,-1.063279,-1.126112,-1.174039,-1.208797,-1.232050,-1.245240,-1.249530,-1.245813,-1.234766,-1.216921,-1.192726,-1.162608,-1.127017,-1.086448,-1.041461,-0.992674,-0.940755,-0.886401,-0.830318,-0.773194,-0.715675,-0.658342,-0.601674,-0.546025,-0.491585,-0.438371,-0.386248,-0.335000,-0.284451,-0.234601,-0.185705,-0.138248,-0.092824,-0.049911,-0.009737,0.027557,0.061854,0.093177,0.121729,0.147861,0.172066,0.194770,0.217782,0.244921,0.276178,0.311961,0.351931,0.395155,0.439893,0.483312,0.521396
0.573136,0.468798,0.361238,0.245073,0.117791,-0.020213,-0.166109,-0.315422,-0.462935,-0.603551,-0.732978,-0.848148,-0.947352,-1.030130,-1.096992,-1.149071,-1.187798,-1.214635,-1.230916,-1.237763,-1.236075,-1.226567,-1.209820,-1.186340,-1.156611,-1.121132,-1.080446,-1.035148,-0.985891,-0.933371,-0.878312,-0.821441,-0.763468,-0.705061,-0.646822,-0.589264,-0.532776,-0.477599,-0.423801,-0.371289,-0.319868,-0.269347,-0.219678,-0.171052,-0.123910,-0.078834,-0.036326,0.003343,0.040004,0.073496,0.103789,0.131055,0.155661,0.178165,0.199159,0.220181,0.244430,0.272227,0.303932,0.339211,0.377110,0.415894,0.452783,0.483969
0.535854,0.439196,0.340641,0.234610,0.118137,-0.009041,-0.144838,-0.285476,-0.426269,-0.562412,-0.689639,-0.804670,-0.905409,-0.990922,-1.061238,-1.117067,-1.159507,-1.189791,-1.209111,-1.218523,-1.218919,-1.211034,-1.195495,-1.172861,-1.143673,-1.108484,-1.067882,-1.022505,-0.973035,-0.920192,-0.864718,-0.807354,-0.748821,-0.689798,-0.630902,-0.572666,-0.515514,-0.459734,-0.405454,-0.352639,-0.301130,-0.250743,-0.201394,-0.153218,-0.106599,-0.062099,-0.020243,0.018656,0.054393,0.086774,0.115716,0.141356,0.164061,0.184435,0.203205,0.221769,0.242892,0.267139,0.294868,0.325752,0.358871,0.392549,0.424073,0.449786
0.498744,0.409521,0.319645,0.223452,0.117625,0.001330,-0.124042,-0.255397,-0.388614,-0.519248,-0.643149,-0.756919,-0.858158,-0.945517,-1.018577,-1.077626,-1.123416,-1.156922,-1.179170,-1.191123,-1.193639,-1.187464,-1.173255,-1.151622,-1.123157,-1.088467,-1.048189,-1.002998,-0.953606,-0.900754,-0.845194,-0.787671,-0.728905,-0.669574,-0.610299,-0.551625,-0.494004,-0.437772,-0.383120,-0.330084,-0.278564,-0.228404,-0.179506,-0.131956,-0.086082,-0.042408,-0.001473,0.036366,0.070871,0.101822,0.129096,0.152788,0.173258,0.191143,0.207287,0.223007,0.240774,0.261328,0.285057,0.311671,0.340311,0.369415,0.396399,0.417780
0.461959,0.379919,0.298363,0.211651,0.116226,0.010774,-0.103941,-0.225488,-0.350332,-0.474442,-0.593869,-0.705190,-0.805794,-0.893986,-0.968939,-1.030544,-1.079197,-1.115599,-1.140584,-1.154997,-1.159641,-1.155249,-1.142500,-1.122038,-1.094504,-1.060552,-1.020866,-0.976159,-0.927168,-0.874650,-0.819360,-0.762035,-0.703386,-0.644075,-0.584716,-0.525859,-0.467978,-0.411455,-0.356548,-0.303377,-0.251922,-0.202079,-0.153762,-0.107020,-0.062127,-0.019560,0.020147,0.056601,0.089535,0.118712,0.143980,0.165401,0.183320,0.198399,0.211577,0.224132,0.238336,0.255032,0.274655,0.296987,0.321241,0.346021,0.368941,0.386761
0.425687,0.350564,0.276933,0.199281,0.113922,0.019165,-0.084782,-0.196111,-0.311874,-0.428503,-0.542322,-0.649976,-0.748733,-0.836632,-0.912501,-0.975857,-1.026754,-1.065610,-1.093045,-1.109766,-1.116493,-1.113930,-1.102756,-1.083641,-1.057260,-1.024308,-0.985509,-0.941606,-0.893361,-0.841536,-0.786882,-0.730121,-0.671938,-0.612974,-0.553824,-0.495036,-0.437104,-0.380453,-0.325417,-0.272207,-0.220904,-0.171480,-0.123885,-0.078155,-0.034511,0.006626,0.044746,0.079441,0.110420,0.137442,0.160341,0.179153,0.194210,0.206188,0.216104,0.225228,0.235696,0.248369,0.263725,0.281652,0.301443,0.321878,0.340841,0.355386
0.390149,0.321649,0.255507,0.186434,0.110716,0.026386,-0.066817,-0.167657,-0.273761,-0.382050,-0.489183,-0.591960,-0.687618,-0.774019,-0.849711,-0.913886,-0.966277,-1.007017,-1.036504,-1.055286,-1.063983,-1.063244,-1.053732,-1.036124,-1.011117,-0.979435,-0.941827,-0.899061,-0.851910,-0.801136,-0.747473,-0.691619,-0.634226,-0.575904,-0.517227,-0.458736,-0.400943,-0.344325,-0.289293,-0.236163,-0.185128,-0.136262,-0.089573,-0.045102,-0.003026,0.036299,0.072411,0.104907,0.133493,0.157933,0.178065,0.193911,0.205792,0.214392,0.220785,0.226265,0.232856,0.241364,0.252271,0.265592,0.280701,0.296539,0.311283,0.322314
0.355583,0.293373,0.234247,0.173219,0.106636,0.032350,-0.050277,-0.140517,-0.236543,-0.335770,-0.435244,-0.531989,-0.623303,-0.706960,-0.781301,-0.845254,-0.898261,-0.940190,-0.971210,-0.991699,-1.002160,-1.003168,-0.995352,-0.979376,-0.955941,-0.925782,-0.889661,-0.848352,-0.802625,-0.753227,-0.700868,-0.646209,-0.589867,-0.532418,-0.474417,-0.416402,-0.358914,-0.302482,-0.247607,-0.194717,-0.144130,-0.096032,-0.050509,-0.007622,0.032488,0.069539,0.103140,0.132925,0.158617,0.180001,0.196933,0.209437,0.217828,0.222793,0.225441,0.227112,0.229729,0.233970,0.240259,0.248735,0.258851,0.269658,0.279615,0.286428
0.322221,0.265912,0.213302,0.159752,0.101736,0.037013,-0.035347,-0.115046,-0.200753,-0.290374,-0.381362,-0.471028,-0.556811,-0.636479,-0.708254,-0.770860,-0.823502,-0.865802,-0.897714,-0.919440,-0.931353,-0.933940,-0.927776,-0.913493,-0.891778,-0.863353,-0.828972,-0.789392,-0.745361,-0.697595,-0.646766,-0.593498,-0.538370,-0.481933,-0.424729,-0.367314,-0.310265,-0.254182,-0.199661,-0.147248,-0.097389,-0.050388,-0.006415,0.034442,0.072078,0.106293,0.136791,0.163276,0.185512,0.203323,0.216596,0.225373,0.229969,0.231071,0.229800,0.227552,0.226146,0.226080,0.227636,0.231038,0.235813,0.241060,0.245446,0.246977
0.290217,0.239376,0.192781,0.146141,0.096096,0.040380,-0.022142,-0.091520,-0.166860,-0.246525,-0.328386,-0.410080,-0.489249,-0.563740,-0.631735,-0.691828,-0.743041,-0.784791,-0.816838,-0.839212,-0.852150,-0.856041,-0.851387,-0.838769,-0.818834,-0.792270,-0.759791,-0.722114,-0.679942,-0.633944,-0.584744,-0.532927,-0.479046,-0.423642,-0.367272,-0.310526,-0.254045,-0.198514,-0.144632,-0.093064,-0.044375,0.001021,0.042882,0.081099,0.115608,0.146307,0.173017,0.195539,0.213709,0.227405,0.236557,0.241232,0.241752,0.238805,0.233502,0.227288,0.221871,0.217535,0.214336,0.212509,0.211635,0.210794,0.208750,0.203721
0.259554,0.213752,0.172720,0.132467,0.089811,0.042512,-0.010690,-0.070109,-0.135214,-0.204780,-0.277079,-0.350093,-0.421719,-0.489946,-0.552994,-0.609405,-0.658081,-0.698284,-0.729608,-0.751928,-0.765348,-0.770148,-0.766739,-0.755633,-0.737409,-0.712690,-0.682123,-0.646359,-0.606032,-0.561749,-0.514090,-0.463608,-0.410853,-0.356388,-0.300815,-0.244796,-0.189061,-0.134395,-0.081604,-0.031458,0.015379,0.058416,0.097365,0.132120,0.162679,0.189053,0.211199,0.229043,0.242513,0.251554,0.256146,0.256383,0.252599,0.245476,0.236106,0.225954,0.216606,0.208137,0.200292,0.193216,0.186512,0.179180,0.169949,0.157122
0.229949,0.188855,0.153055,0.118776,0.082995,0.043536,-0.000911,-0.050840,-0.106002,-0.165519,-0.228034,-0.291870,-0.355205,-0.416226,-0.473260,-0.524865,-0.569894,-0.607509,-0.637178,-0.658643,-0.671881,-0.677055,-0.674473,-0.664548,-0.647764,-0.624652,-0.595763,-0.561658,-0.522892,-0.480012,-0.433563,-0.384099,-0.332202,-0.278501,-0.223690,-0.168536,-0.113883,-0.060623,-0.009656,0.038172,0.082145,0.121745,0.156690,0.186919,0.212521,0.233637,0.250379,0.262812,0.270967,0.274859,0.274514,0.270054,0.261816,0.250477,0.237100,0.223125,0.210011,0.197655,0.185433,0.173292,0.160798,0.146822,0.129949,0.108466
0.200791,0.164296,0.133621,0.105088,0.075796,0.043669,0.007412,-0.033559,-0.079192,-0.128886,-0.181598,-0.235976,-0.290487,-0.343549,-0.393647,-0.439424,-0.479743,-0.513727,-0.540758,-0.560473,-0.572727,-0.577562,-0.575161,-0.565815,-0.549887,-0.527789,-0.499963,-0.466876,-0.429013,-0.386889,-0.341055,-0.292113,-0.240733,-0.187662,-0.133728,-0.079834,-0.026941,0.023969,0.071939,0.116107,0.155776,0.190477,0.220002,0.244393,0.263865,0.278710,0.289196,0.295524,0.297826,0.296177,0.290634,0.281333,0.268609,0.253122,0.235909,0.218324,0.201704,0.185829,0.169687,0.152928,0.135003,0.114606,0.090085,0.059680
0.171061,0.139485,0.114193,0.091448,0.068447,0.043260,0.014682,-0.017877,-0.054476,-0.094708,-0.137790,-0.182651,-0.228036,-0.272609,-0.315051,-0.354134,-0.388789,-0.418139,-0.441521,-0.458480,-0.468754,-0.472251,-0.469012,-0.459188,-0.443009,-0.420771,-0.392826,-0.359581,-0.321507,-0.279147,-0.233129,-0.184176,-0.133105,-0.080825,-0.028320,0.023379,0.073223,0.120199,0.163373,0.201961,0.235381,0.263308,0.285693,0.302735,0.314812,0.322369,0.325819,0.325477,0.321547,0.314136,0.303309,0.289190,0.272097,0.252667,0.231909,0.211037,0.191274,0.172378,0.152973,0.132355,0.109784,0.083707,0.052058,0.012761
0.139259,0.113718,0.094611,0.078035,0.061351,0.042866,0.021550,-0.003119,-0.031234,-0.062522,-0.096393,-0.132011,-0.168362,-0.204334,-0.238787,-0.270624,-0.298842,-0.322573,-0.341108,-0.353909,-0.360605,-0.360981,-0.354961,-0.342591,-0.324024,-0.299509,-0.269396,-0.234132,-0.194273,-0.150489,-0.103572,-0.054424,-0.004046,0.046493,0.096089,0.143651,0.188142,0.228631,0.264336,0.294677,0.319309,0.338153,0.351396,0.359444,0.362847,0.362191,0.357990,0.350624,0.340317,0.327161,0.311188,0.292481,0.271320,0.248306,0.224426,0.200702,0.178270,0.156976,0.135168,0.111795,0.085898,0.055642,0.018270,-0.029753
0.103342,0.086482,0.075049,0.065338,0.055191,0.043333,0.028999,0.011793,-0.008361,-0.031256,-0.056428,-0.083200,-0.110733,-0.138077,-0.164235,-0.188213,-0.209070,-0.225959,-0.238155,-0.245077,-0.246295,-0.241537,-0.230677,-0.213738,-0.190880,-0.162400,-0.128728,-0.090437,-0.048236,-0.002974,0.044376,0.092737,0.140966,0.187899,0.232404,0.273435,0.310078,0.341593,0.367450,0.387353,0.401262,0.409389,0.412184,0.410271,0.404365,0.395158,0.383223,0.368948,0.352527,0.333989,0.313291,0.290449,0.265687,0.239567,0.213055,0.186973,0.162410,0.139425,0.116233,0.091513,0.064158,0.032198,-0.007613,-0.059341
0.061832,0.058387,0.056459,0.054335,0.051036,0.045931,0.038593,0.028791,0.016501,0.001919,-0.014552,-0.032328,-0.050680,-0.068777,-0.085739,-0.100676,-0.112739,-0.121148,-0.125231,-0.124440,-0.118369,-0.106771,-0.089557,-0.066802,-0.038746,-0.005797,0.031476,0.072343,0.115923,0.161203,0.207066,0.252332,0.295812,0.336362,0.372947,0.404687,0.430901,0.451130,0.465156,0.473007,0.474955,0.471498,0.463328,0.451256,0.436124,0.418689,0.399532,0.378999,0.357195,0.334041,0.309378,0.283120,0.255415,0.226767,0.198120,0.170129,0.143913,0.119885,0.096328,0.071774,0.045117,0.014688,-0.022578,-0.074062
0.020807,0.032795,0.040827,0.046458,0.050265,0.052321,0.052526,0.050780,0.047103,0.041674,0.034852,0.027152,0.019214,0.011765,0.005574,0.001412,0.000014,0.002044,0.008070,0.018533,0.033734,0.053808,0.078717,0.108237,0.141956,0.179278,0.219433,0.261495,0.304412,0.347045,0.388213,0.426756,0.461588,0.491760,0.516504,0.535273,0.547752,0.553864,0.553763,0.547822,0.536615,0.520895,0.501542,0.479495,0.455655,0.430775,0.405372,0.379676,0.353642,0.327020,0.299481,0.270790,0.240971,0.210445,0.180117,0.150537,0.122963,0.098371,0.075357,0.052419,0.028470,0.002570,-0.024569,-0.046081
-0.007472,0.014512,0.030295,0.042967,0.054055,0.064086,0.073118,0.081068,0.087906,0.093736,0.098825,0.103585,0.108539,0.114283,0.121437,0.130614,0.142377,0.157216,0.175512,0.197518,0.223331,0.252871,0.285873,0.321871,0.360213,0.400068,0.440462,0.480316,0.518500,0.553886,0.585413,0.612140,0.633299,0.648332,0.656915,0.658958,0.654597,0.644169,0.628191,0.607339,0.582428,0.554387,0.524212,0.492897,0.461330,0.430195,0.399879,0.370434,0.341598,0.312888,0.283742,0.253714,0.222657,0.190864,0.159178,0.128111,0.099197,0.074260,0.052549,0.032616,0.012965,-0.007865,-0.030673,-0.053802
-0.020038,0.005375,0.025529,0.044047,0.062734,0.082169,0.102309,0.122897,0.143693,0.164586,0.185625,0.207003,0.229017,0.252025,0.276399,0.302485,0.330572,0.360859,0.393435,0.428247,0.465091,0.503585,0.543173,0.583125,0.622558,0.660480,0.695834,0.727563,0.754675,0.776306,0.791765,0.800581,0.802516,0.797571,0.785969,0.768126,0.744612,0.716121,0.683442,0.647450,0.609093,0.569379,0.529334,0.489936,0.452010,0.416122,0.382487,0.350933,0.320927,0.291687,0.262347,0.232169,0.200769,0.168276,0.135431,0.102683,0.071902,0.046249,0.026369,0.010954,-0.002372,-0.016805,-0.036623,-0.068808
-0.018023,0.003945,0.024896,0.048167,0.075262,0.106428,0.141251,0.179067,0.219204,0.261101,0.304353,0.348691,0.393954,0.440037,0.486851,0.534283,0.582167,0.630260,0.678227,0.725621,0.771879,0.816314,0.858130,0.896444,0.930321,0.958837,0.981133,0.996490,1.004377,1.004495,0.996798,0.981492,0.959009,0.929972,0.895142,0.855369,0.811547,0.764586,0.715404,0.664934,0.614135,0.563992,0.515489,0.469539,0.426878,0.387941,0.352761,0.320916,0.291564,0.263555,0.235614,0.206592,0.175766,0.143090,0.109230,0.074318,0.040065,0.011996,-0.006009,-0.014585,-0.018017,-0.021707,-0.031417,-0.056717
-0.006815,0.005462,0.024185,0.051729,0.088880,0.135292,0.189956,0.251550,0.318668,0.389948,0.464136,0.540098,0.616806,0.693314,0.768733,0.842205,0.912891,0.979955,1.042561,1.099867,1.151032,1.195219,1.231626,1.259512,1.278246,1.287361,1.286603,1.275973,1.255746,1.226468,1.188928,1.144112,1.093136,1.037182,0.977428,0.914995,0.850918,0.786141,0.721538,0.657952,0.596233,0.537259,0.481920,0.431052,0.385321,0.345074,0.310191,0.280015,0.253360,0.228625,0.203977,0.177633,0.148310,0.115808,0.081278,0.044337,0.002878,-0.032812,-0.049736,-0.047242,-0.034653,-0.021834,-0.012325,0.000092
0.004155,0.001974,0.016610,0.048950,0.098932,0.165528,0.246963,0.340972,0.445004,0.556388,0.672449,0.790591,0.908349,1.023424,1.133704,1.237277,1.332438,1.417696,1.491769,1.553587,1.602286,1.637224,1.657992,1.664444,1.656725,1.635293,1.600928,1.554716,1.498016,1.432392,1.359538,1.281194,1.199059,1.114712,1.029553,0.944768,0.861327,0.780018,0.701507,0.626412,0.555373,0.489096,0.428361,0.373966,0.326593,0.286608,0.253846,0.227455,0.205869,0.186929,0.168053,0.146428,0.119679,0.087024,0.051538,0.019787,-0.038205,-0.097232,-0.116338,-0.093119,-0.052370,-0.017762,0.004077,0.029321
-0.000065,-0.017296,-0.006828,0.032127,0.099083,0.192344,0.309170,0.445968,0.598509,0.762164,0.932137,1.103673,1.272239,1.433658,1.584209,1.720697,1.840484,1.941495,2.022199,2.081590,2.119161,2.134891,2.129241,2.103146,2.058001,1.995620,1.918173,1.828094,1.727972,1.620438,1.508052,1.393208,1.278044,1.164374,1.053653,0.946956,0.845018,0.748308,0.657134,0.571767,0.492539,0.419935,0.354637,0.297496,0.249386,0.210920,0.182070,0.161867,0.148282,0.138443,0.128891,0.115163,0.092851,0.058346,0.012700,0.024425,-0.074474,-0.202259,-0.230904,-0.160713,-0.064377,-0.000025,0.015209,-0.002148
