-0.000000,-0.000000,-0.000000,-0.000000,-0.000000,-0.000000,-0.000000,-0.000000,-0.000000,-0.000000,-0.000000,-0.000000,-0.000000,-0.000000,-0.000000,-0.000000,-0.000000,-0.000000,-0.000000,-0.000000,-0.000000,-0.000000,-0.000000,-0.000000,-0.000000,-0.000000,-0.000000,-0.000000,-0.000000,-0.000000,-0.000000,-0.000000,-0.000000,-0.000000,-0.000000,-0.000000,-0.000000,-0.000000,-0.000000,-0.000000,-0.000000,-0.000000,-0.000000,-0.000000,-0.000000,-0.000000,-0.000000,-0.000000,-0.000000,-0.000000,-0.000000,-0.000000,-0.000000,-0.000000,-0.000000,-0.000000,-0.000000,-0.000000,-0.000000,-0.000000,-0.000000,-0.000000,-0.000000,-0.000000
-0.131218,-0.103838,-0.065235,-0.056889,-0.048479,-0.041988,-0.036810,-0.032627,-0.029155,-0.026180,-0.023589,-0.021338,-0.019400,-0.017735,-0.016291,-0.015012,-0.013854,-0.012792,-0.011814,-0.010920,-0.010111,-0.009384,-0.008734,-0.008152,-0.007625,-0.007143,-0.006696,-0.006282,-0.005899,-0.005552,-0.005241,-0.004970,-0.004725,-0.004496,-0.004243,-0.003949,-0.003552,-0.003066,-0.002446,-0.001798,-0.001099,-0.000576,-0.000137,-0.000109,-0.000187,-0.000795,-0.001268,-0.002326,-0.002773,-0.003811,-0.003513,-0.005127,-0.005148,-0.008037,-0.008508,-0.018743,-0.018672,0.008708,0.049541,0.053088,0.095550,0.121534,0.295463,0.446171
-0.100951,-0.101071,-0.095813,-0.082717,-0.073482,-0.065891,-0.059531,-0.054213,-0.049771,-0.045982,-0.042631,-0.039590,-0.036816,-0.034310,-0.032067,-0.030063,-0.028252,-0.026591,-0.025046,-0.023598,-0.022243,-0.020981,-0.019813,-0.018737,-0.017746,-0.016831,-0.015984,-0.015200,-0.014478,-0.013822,-0.013228,-0.012695,-0.012193,-0.011692,-0.011123,-0.010446,-0.009578,-0.008543,-0.007318,-0.006089,-0.004892,-0.004090,-0.003617,-0.003969,-0.004703,-0.006429,-0.008085,-0.010710,-0.012273,-0.014607,-0.015001,-0.018461,-0.018770,-0.024237,-0.026597,-0.048667,-0.029762,0.036317,0.094654,0.112672,0.193041,0.261528,0.477222,0.655099
-0.071929,-0.081147,-0.091607,-0.085761,-0.079261,-0.073375,-0.068083,-0.063307,-0.059119,-0.055544,-0.052463,-0.049691,-0.047087,-0.044600,-0.042246,-0.040063,-0.038068,-0.036253,-0.034586,-0.033035,-0.031571,-0.030177,-0.028846,-0.027578,-0.026375,-0.025240,-0.024176,-0.023190,-0.022285,-0.021465,-0.020724,-0.020044,-0.019382,-0.018682,-0.017860,-0.016855,-0.015606,-0.014150,-0.012551,-0.011048,-0.009821,-0.009289,-0.009544,-0.011066,-0.013458,-0.017185,-0.021044,-0.025857,-0.029184,-0.032995,-0.034596,-0.039047,-0.039586,-0.046549,-0.053225,-0.081897,-0.024949,0.075870,0.130960,0.172753,0.274569,0.379394,0.594656,0.755113
-0.049860,-0.061652,-0.077929,-0.077581,-0.074250,-0.070655,-0.067275,-0.063961,-0.060723,-0.057749,-0.055170,-0.052943,-0.050916,-0.048945,-0.046970,-0.045014,-0.043141,-0.041405,-0.039827,-0.038394,-0.037070,-0.035816,-0.034602,-0.033410,-0.032238,-0.031094,-0.029995,-0.028961,-0.028008,-0.027143,-0.026359,-0.025620,-0.024871,-0.024031,-0.023023,-0.021776,-0.020297,-0.018656,-0.017072,-0.015834,-0.015364,-0.016055,-0.018281,-0.022235,-0.027751,-0.034587,-0.041802,-0.049098,-0.054605,-0.059304,-0.061869,-0.065452,-0.066350,-0.072519,-0.087422,-0.109225,-0.001957,0.121657,0.168087,0.232767,0.345511,0.475119,0.667576,0.792949
-0.034131,-0.045154,-0.061752,-0.064930,-0.064225,-0.062532,-0.060858,-0.059181,-0.057311,-0.055288,-0.053327,-0.051599,-0.050113,-0.048754,-0.047389,-0.045955,-0.044473,-0.043012,-0.041641,-0.040398,-0.039282,-0.038259,-0.037285,-0.036322,-0.035348,-0.034361,-0.033378,-0.032423,-0.031521,-0.030681,-0.029898,-0.029126,-0.028312,-0.027364,-0.026242,-0.024898,-0.023451,-0.022036,-0.021079,-0.020927,-0.022272,-0.025408,-0.030973,-0.038635,-0.048464,-0.059103,-0.070143,-0.079556,-0.086983,-0.091296,-0.093991,-0.094739,-0.096071,-0.099021,-0.125764,-0.123494,0.036270,0.167611,0.212351,0.292276,0.410141,0.554300,0.707225,0.789777
-0.022631,-0.031554,-0.045795,-0.050679,-0.052030,-0.051909,-0.051469,-0.051050,-0.050505,-0.049658,-0.048551,-0.047386,-0.046341,-0.045461,-0.044668,-0.043852,-0.042946,-0.041957,-0.040943,-0.039970,-0.039082,-0.038286,-0.037557,-0.036856,-0.036148,-0.035410,-0.034644,-0.033860,-0.033082,-0.032314,-0.031556,-0.030764,-0.029906,-0.028912,-0.027804,-0.026599,-0.025545,-0.024878,-0.025214,-0.026967,-0.031021,-0.037543,-0.047273,-0.059326,-0.073863,-0.088432,-0.103107,-0.114161,-0.122916,-0.125798,-0.127722,-0.124429,-0.125990,-0.124515,-0.164815,-0.123676,0.083961,0.210371,0.264266,0.350867,0.469289,0.619683,0.720032,0.755977
-0.013921,-0.020395,-0.031162,-0.036229,-0.038925,-0.040199,-0.040777,-0.041188,-0.041574,-0.041786,-0.041674,-0.041266,-0.040736,-0.040255,-0.039890,-0.039595,-0.039279,-0.038873,-0.038364,-0.037789,-0.037201,-0.036645,-0.036137,-0.035664,-0.035201,-0.034718,-0.034198,-0.033631,-0.033023,-0.032370,-0.031672,-0.030901,-0.030057,-0.029118,-0.028179,-0.027347,-0.026988,-0.027449,-0.029479,-0.033563,-0.040674,-0.050898,-0.064948,-0.081554,-0.100782,-0.119367,-0.137505,-0.150187,-0.159800,-0.160875,-0.161257,-0.153609,-0.154905,-0.149720,-0.202624,-0.111964,0.137742,0.251344,0.320711,0.407525,0.522661,0.670657,0.708842,0.696792
-0.007123,-0.011211,-0.018259,-0.022473,-0.025653,-0.028008,-0.029582,-0.030679,-0.031638,-0.032554,-0.033298,-0.033741,-0.033896,-0.033904,-0.033920,-0.034019,-0.034178,-0.034321,-0.034373,-0.034304,-0.034128,-0.033885,-0.033616,-0.033346,-0.033079,-0.032800,-0.032490,-0.032126,-0.031697,-0.031184,-0.030587,-0.029891,-0.029128,-0.028331,-0.027663,-0.027321,-0.027758,-0.029429,-0.033164,-0.039542,-0.049576,-0.063377,-0.081584,-0.102756,-0.126683,-0.149584,-0.171289,-0.185988,-0.196238,-0.195673,-0.193904,-0.182285,-0.182916,-0.176406,-0.237237,-0.088864,0.198240,0.294080,0.376797,0.460238,0.570116,0.704749,0.674022,0.614864
-0.001748,-0.003614,-0.007076,-0.009950,-0.012859,-0.015755,-0.018201,-0.020034,-0.021472,-0.022799,-0.024093,-0.025251,-0.026154,-0.026799,-0.027295,-0.027773,-0.028306,-0.028883,-0.029436,-0.029891,-0.030202,-0.030365,-0.030408,-0.030368,-0.030278,-0.030152,-0.029990,-0.029773,-0.029486,-0.029102,-0.028617,-0.028026,-0.027382,-0.026763,-0.026380,-0.026503,-0.027649,-0.030365,-0.035545,-0.043888,-0.056454,-0.073477,-0.095525,-0.121160,-0.149785,-0.177341,-0.202914,-0.220255,-0.231284,-0.229649,-0.225465,-0.210842,-0.210993,-0.205439,-0.264188,-0.051130,0.267283,0.339459,0.427243,0.507141,0.611215,0.718144,0.614755,0.512231
0.002465,0.002668,0.002585,0.001170,-0.001040,-0.003909,-0.006882,-0.009429,-0.011430,-0.013110,-0.014720,-0.016332,-0.017853,-0.019175,-0.020276,-0.021232,-0.022148,-0.023086,-0.024039,-0.024948,-0.025738,-0.026355,-0.026785,-0.027043,-0.027165,-0.027186,-0.027130,-0.027003,-0.026798,-0.026497,-0.026096,-0.025599,-0.025068,-0.024608,-0.024457,-0.024937,-0.026600,-0.030078,-0.036313,-0.046141,-0.060683,-0.080360,-0.105712,-0.135432,-0.168570,-0.200977,-0.230817,-0.251590,-0.264005,-0.262213,-0.255909,-0.239781,-0.239813,-0.234170,-0.275067,0.005777,0.342725,0.383384,0.468587,0.547554,0.643219,0.705156,0.531091,0.393375
0.005675,0.007804,0.010914,0.010966,0.009573,0.007100,0.004033,0.000988,-0.001613,-0.003744,-0.005637,-0.007514,-0.009433,-0.011309,-0.013035,-0.014572,-0.015964,-0.017288,-0.018593,-0.019871,-0.021071,-0.022120,-0.022965,-0.023581,-0.023979,-0.024190,-0.024251,-0.024190,-0.024023,-0.023753,-0.023387,-0.022941,-0.022481,-0.022128,-0.022125,-0.022823,-0.024786,-0.028703,-0.035553,-0.046298,-0.062128,-0.083674,-0.111513,-0.144582,-0.181717,-0.218867,-0.253304,-0.278357,-0.293180,-0.292469,-0.285040,-0.268973,-0.267546,-0.254978,-0.260345,0.081236,0.415356,0.419742,0.500847,0.580600,0.659005,0.658832,0.427028,0.268723
0.008032,0.011907,0.018011,0.019579,0.018991,0.017031,0.014183,0.010966,0.007894,0.005244,0.002969,0.000845,-0.001318,-0.003559,-0.005793,-0.007912,-0.009861,-0.011656,-0.013347,-0.014968,-0.016511,-0.017930,-0.019161,-0.020151,-0.020875,-0.021338,-0.021568,-0.021601,-0.021472,-0.021210,-0.020839,-0.020396,-0.019954,-0.019641,-0.019695,-0.020470,-0.022522,-0.026566,-0.033592,-0.044657,-0.061012,-0.083490,-0.112759,-0.148077,-0.188273,-0.229588,-0.268627,-0.298627,-0.317085,-0.318965,-0.311901,-0.296267,-0.288563,-0.258220,-0.216620,0.164698,0.472733,0.445901,0.526000,0.602041,0.647115,0.574998,0.312868,0.154580
0.009691,0.015081,0.023906,0.027088,0.027330,0.025858,0.023340,0.020214,0.016914,0.013816,0.011078,0.008613,0.006219,0.003743,0.001165,-0.001426,-0.003918,-0.006242,-0.008392,-0.010392,-0.012266,-0.014005,-0.015570,-0.016906,-0.017966,-0.018725,-0.019186,-0.019375,-0.019330,-0.019096,-0.018719,-0.018254,-0.017788,-0.017454,-0.017479,-0.018206,-0.020161,-0.024055,-0.030863,-0.041693,-0.057830,-0.080265,-0.109776,-0.145972,-0.187861,-0.232173,-0.275203,-0.310290,-0.333413,-0.339411,-0.333964,-0.316846,-0.295764,-0.239047,-0.151881,0.239414,0.507802,0.464226,0.543438,0.602389,0.596216,0.458972,0.203700,0.066253
0.010803,0.017447,0.028636,0.033493,0.034676,0.033675,0.031461,0.028532,0.025222,0.021854,0.018686,0.015799,0.013092,0.010392,0.007583,0.004668,0.001740,-0.001087,-0.003733,-0.006172,-0.008413,-0.010469,-0.012332,-0.013971,-0.015342,-0.016404,-0.017138,-0.017545,-0.017654,-0.017506,-0.017161,-0.016689,-0.016188,-0.015795,-0.015726,-0.016302,-0.018013,-0.021537,-0.027812,-0.037950,-0.053232,-0.074740,-0.103329,-0.138926,-0.180827,-0.226375,-0.271973,-0.311382,-0.339476,-0.350565,-0.346916,-0.324899,-0.285399,-0.201700,-0.082124,0.292519,0.522679,0.477085,0.546232,0.569799,0.503950,0.328385,0.113258,0.009230
0.011488,0.019130,0.032281,0.038778,0.041041,0.040583,0.038626,0.035871,0.032650,0.029192,0.025727,0.022429,0.019332,0.016341,0.013317,0.010180,0.006950,0.003725,0.000621,-0.002276,-0.004929,-0.007334,-0.009497,-0.011414,-0.013061,-0.014407,-0.015419,-0.016083,-0.016404,-0.016415,-0.016167,-0.015736,-0.015224,-0.014769,-0.014574,-0.014936,-0.016301,-0.019304,-0.024824,-0.033946,-0.047902,-0.067790,-0.094473,-0.128097,-0.168233,-0.212851,-0.258815,-0.300680,-0.332830,-0.348725,-0.345812,-0.316542,-0.259416,-0.156540,-0.022072,0.320843,0.523004,0.480680,0.522946,0.498028,0.382996,0.206167,0.048008,-0.021646
0.011831,0.020252,0.034972,0.042961,0.046396,0.046618,0.044944,0.042304,0.039159,0.035704,0.032090,0.028480,0.024994,0.021646,0.018354,0.015014,0.011577,0.008078,0.004618,0.001311,-0.001757,-0.004540,-0.007029,-0.009227,-0.011133,-0.012734,-0.014007,-0.014931,-0.015499,-0.015722,-0.015640,-0.015316,-0.014846,-0.014361,-0.014047,-0.014175,-0.015145,-0.017544,-0.022189,-0.030107,-0.042453,-0.060270,-0.084349,-0.114918,-0.151701,-0.193183,-0.236881,-0.278416,-0.312329,-0.331087,-0.327196,-0.291321,-0.223159,-0.113169,0.020929,0.327380,0.509602,0.464941,0.465556,0.393848,0.256746,0.108909,0.006451,-0.035292
0.011890,0.020913,0.036861,0.046127,0.050728,0.051762,0.050478,0.047945,0.044814,0.041360,0.037685,0.033887,0.030089,0.026380,0.022766,0.019185,0.015565,0.011881,0.008180,0.004562,0.001134,-0.002018,-0.004849,-0.007347,-0.009514,-0.011356,-0.012866,-0.014033,-0.014847,-0.015309,-0.015438,-0.015282,-0.014918,-0.014458,-0.014067,-0.013983,-0.014564,-0.016344,-0.020077,-0.026727,-0.037352,-0.052894,-0.074003,-0.100846,-0.133129,-0.169666,-0.208629,-0.246756,-0.279208,-0.297560,-0.291096,-0.251887,-0.181835,-0.076459,0.045862,0.314560,0.477269,0.421484,0.377885,0.276190,0.147053,0.041306,-0.017125,-0.038919
0.011710,0.021192,0.038088,0.048403,0.054072,0.055990,0.055233,0.052878,0.049734,0.046226,0.042497,0.038595,0.034589,0.030580,0.026639,0.022776,0.018947,0.015106,0.011247,0.007425,0.003732,0.000269,-0.002885,-0.005687,-0.008127,-0.010209,-0.011943,-0.013332,-0.014375,-0.015071,-0.015429,-0.015479,-0.015273,-0.014900,-0.014492,-0.014252,-0.014491,-0.015694,-0.018554,-0.023968,-0.032901,-0.046172,-0.064252,-0.087136,-0.114364,-0.144892,-0.177405,-0.209609,-0.237432,-0.251929,-0.242025,-0.203533,-0.139686,-0.047742,0.054094,0.283175,0.422831,0.352664,0.275642,0.166267,0.064959,-0.000822,-0.028779,-0.037191
0.011333,0.021151,0.038767,0.049933,0.056523,0.059313,0.059190,0.057135,0.054019,0.050420,0.046595,0.042604,0.038470,0.034251,0.030034,0.025884,0.021815,0.017800,0.013814,0.009863,0.006003,0.002319,-0.001099,-0.004181,-0.006889,-0.009217,-0.011172,-0.012770,-0.014020,-0.014931,-0.015511,-0.015776,-0.015760,-0.015522,-0.015160,-0.014834,-0.014810,-0.015516,-0.017593,-0.021875,-0.029243,-0.040397,-0.055625,-0.074700,-0.096913,-0.121234,-0.146664,-0.171644,-0.192769,-0.201164,-0.188112,-0.153655,-0.101007,-0.027479,0.048064,0.237062,0.352686,0.271654,0.177385,0.077861,0.010387,-0.024879,-0.033315,-0.033220
0.010802,0.020845,0.038982,0.050844,0.058203,0.061789,0.062347,0.060713,0.057725,0.054054,0.050093,0.045984,0.041746,0.037391,0.032976,0.028581,0.024269,0.020057,0.015933,0.011884,0.007925,0.004108,0.000509,-0.002794,-0.005744,-0.008309,-0.010486,-0.012288,-0.013733,-0.014838,-0.015619,-0.016089,-0.016269,-0.016194,-0.015926,-0.015584,-0.015382,-0.015697,-0.017111,-0.020405,-0.026393,-0.035674,-0.048378,-0.064059,-0.081770,-0.100422,-0.119166,-0.136969,-0.150883,-0.152844,-0.138061,-0.109631,-0.069787,-0.015739,0.032156,0.185228,0.280505,0.193869,0.095629,0.014795,-0.022994,-0.038023,-0.034270,-0.029119
0.010163,0.020322,0.038795,0.051234,0.059239,0.063517,0.064738,0.063606,0.060864,0.057199,0.053107,0.048844,0.044484,0.040023,0.035479,0.030907,0.026387,0.021976,0.017696,0.013543,0.009514,0.005624,0.001921,-0.001531,-0.004667,-0.007441,-0.009829,-0.011832,-0.013467,-0.014755,-0.015718,-0.016374,-0.016739,-0.016832,-0.016688,-0.016384,-0.016085,-0.016113,-0.016997,-0.019465,-0.024277,-0.031965,-0.042539,-0.055386,-0.069374,-0.083352,-0.096506,-0.108172,-0.115644,-0.112380,-0.097709,-0.075896,-0.047913,-0.011253,0.012164,0.137836,0.218649,0.128806,0.034265,-0.026070,-0.042710,-0.045544,-0.034042,-0.026005
0.009461,0.019632,0.038262,0.051176,0.059738,0.064613,0.066438,0.065833,0.063436,0.059885,0.055720,0.051300,0.046788,0.042214,0.037574,0.032888,0.028218,0.023636,0.019198,0.014927,0.010822,0.006884,0.003129,-0.000404,-0.003664,-0.006598,-0.009170,-0.011363,-0.013184,-0.014649,-0.015785,-0.016612,-0.017147,-0.017401,-0.017390,-0.017158,-0.016827,-0.016662,-0.017140,-0.018939,-0.022778,-0.029146,-0.037987,-0.048586,-0.059707,-0.070150,-0.079092,-0.086114,-0.088580,-0.081916,-0.068762,-0.052965,-0.034522,-0.011457,-0.006880,0.101158,0.172338,0.078192,-0.008683,-0.050302,-0.054389,-0.050297,-0.033865,-0.024090
0.008733,0.018820,0.037437,0.050725,0.059781,0.065181,0.067543,0.067447,0.065452,0.062118,0.057975,0.053439,0.048766,0.044056,0.039320,0.034556,0.029792,0.025089,0.020515,0.016121,0.011928,0.007938,0.004150,0.000577,-0.002749,-0.005789,-0.008503,-0.010862,-0.012858,-0.014499,-0.015803,-0.016793,-0.017487,-0.017893,-0.018015,-0.017875,-0.017556,-0.017274,-0.017452,-0.018720,-0.021766,-0.027056,-0.034521,-0.043408,-0.052445,-0.060410,-0.066463,-0.070325,-0.069352,-0.060986,-0.049963,-0.038903,-0.027320,-0.013763,-0.022240,0.076261,0.140087,0.039388,-0.036971,-0.062896,-0.061151,-0.053242,-0.033991,-0.023081
0.008006,0.017931,0.036380,0.049933,0.059426,0.065307,0.068151,0.068525,0.066944,0.063903,0.059881,0.055309,0.050505,0.045648,0.040800,0.035962,0.031139,0.026364,0.021696,0.017196,0.012909,0.008852,0.005026,0.001429,-0.001931,-0.005031,-0.007841,-0.010332,-0.012482,-0.014289,-0.015760,-0.016913,-0.017762,-0.018315,-0.018570,-0.018531,-0.018253,-0.017910,-0.017872,-0.018724,-0.021124,-0.025539,-0.031920,-0.039536,-0.047124,-0.053467,-0.057711,-0.059629,-0.056603,-0.047789,-0.038891,-0.031242,-0.024173,-0.016618,-0.033420,0.060859,0.117419,0.009385,-0.053874,-0.067592,-0.064448,-0.054489,-0.034111,-0.022561
0.007298,0.016999,0.035150,0.048853,0.058721,0.065052,0.068346,0.069151,0.067972,0.065260,0.061443,0.056927,0.052055,0.047071,0.042099,0.037176,0.032303,0.027488,0.022766,0.018194,0.013824,0.009693,0.005814,0.002185,-0.001198,-0.004333,-0.007203,-0.009787,-0.012064,-0.014020,-0.015652,-0.016967,-0.017975,-0.018676,-0.019066,-0.019138,-0.018923,-0.018560,-0.018373,-0.018896,-0.020767,-0.024459,-0.029980,-0.036658,-0.043268,-0.048609,-0.051829,-0.052672,-0.048668,-0.040213,-0.033155,-0.027908,-0.023667,-0.019542,-0.041227,0.051580,0.099971,-0.013564,-0.061926,-0.067168,-0.064962,-0.054066,-0.033791,-0.022148
0.006622,0.016054,0.033806,0.047543,0.057713,0.064464,0.068190,0.069404,0.068604,0.066229,0.062670,0.058293,0.053435,0.048373,0.043288,0.038269,0.033337,0.028492,0.023747,0.019137,0.014709,0.010510,0.006569,0.002892,-0.000524,-0.003687,-0.006599,-0.009249,-0.011623,-0.013705,-0.015485,-0.016959,-0.018126,-0.018983,-0.019515,-0.019709,-0.019578,-0.019229,-0.018943,-0.019208,-0.020635,-0.023718,-0.028539,-0.034508,-0.040460,-0.045215,-0.047925,-0.048247,-0.044017,-0.036396,-0.030848,-0.027350,-0.024905,-0.022585,-0.046801,0.045360,0.084774,-0.030227,-0.063303,-0.063738,-0.063124,-0.052187,-0.032757,-0.021542
0.005980,0.015118,0.032397,0.046062,0.056449,0.063580,0.067730,0.069343,0.068908,0.066863,0.063585,0.059408,0.054644,0.049573,0.044414,0.039302,0.034300,0.029420,0.024661,0.020037,0.015581,0.011333,0.007330,0.003595,0.000128,-0.003076,-0.006027,-0.008730,-0.011179,-0.013364,-0.015274,-0.016897,-0.018223,-0.019239,-0.019924,-0.020254,-0.020228,-0.019925,-0.019583,-0.019646,-0.020698,-0.023252,-0.027475,-0.032880,-0.038373,-0.042798,-0.045309,-0.045431,-0.041445,-0.034915,-0.030610,-0.028433,-0.027226,-0.025853,-0.051026,0.040003,0.070342,-0.041129,-0.060060,-0.058870,-0.059370,-0.049191,-0.030985,-0.020558
0.005374,0.014205,0.030967,0.044469,0.054983,0.062440,0.066998,0.069013,0.068940,0.067218,0.064227,0.060284,0.055677,0.050669,0.045491,0.040315,0.035243,0.030315,0.025537,0.020909,0.016444,0.012169,0.008118,0.004321,0.000792,-0.002470,-0.005474,-0.008231,-0.010747,-0.013019,-0.015040,-0.016797,-0.018275,-0.019451,-0.020296,-0.020777,-0.020877,-0.020650,-0.020295,-0.020207,-0.020938,-0.023022,-0.026710,-0.031630,-0.036774,-0.041010,-0.043493,-0.043588,-0.040098,-0.034776,-0.031523,-0.030350,-0.030083,-0.029304,-0.054363,0.034231,0.056309,-0.046984,-0.054099,-0.053630,-0.054247,-0.045417,-0.028639,-0.019166
0.004805,0.013324,0.029546,0.042814,0.053370,0.061088,0.066026,0.068444,0.068740,0.067343,0.064638,0.060945,0.056535,0.051651,0.046518,0.041321,0.036197,0.031217,0.026409,0.021772,0.017305,0.013019,0.008936,0.005086,0.001489,-0.001846,-0.004920,-0.007745,-0.010331,-0.012685,-0.014805,-0.016682,-0.018299,-0.019630,-0.020638,-0.021280,-0.021526,-0.021405,-0.021076,-0.020885,-0.021348,-0.023007,-0.026197,-0.030666,-0.035508,-0.039622,-0.042158,-0.042314,-0.039422,-0.035327,-0.032990,-0.032555,-0.033034,-0.032763,-0.056946,0.027487,0.042967,-0.048746,-0.047042,-0.048623,-0.048409,-0.041146,-0.025964,-0.017469
0.004272,0.012481,0.028156,0.041142,0.051662,0.059569,0.064846,0.067661,0.068337,0.067274,0.064858,0.061420,0.057229,0.052513,0.047480,0.042316,0.037172,0.032151,0.027305,0.022647,0.018173,0.013881,0.009779,0.005886,0.002225,-0.001189,-0.004349,-0.007258,-0.009928,-0.012368,-0.014583,-0.016570,-0.018315,-0.019791,-0.020958,-0.021766,-0.022172,-0.022183,-0.021917,-0.021671,-0.021916,-0.023195,-0.025909,-0.029933,-0.034479,-0.038489,-0.041106,-0.041370,-0.039081,-0.036155,-0.034627,-0.034707,-0.035763,-0.035997,-0.058744,0.019679,0.030833,-0.047472,-0.040108,-0.044062,-0.042522,-0.036620,-0.023181,-0.015638
0.003775,0.011681,0.026811,0.039484,0.049907,0.057932,0.063497,0.066688,0.067751,0.067036,0.064921,0.061743,0.057779,0.053255,0.048365,0.043283,0.038163,0.033125,0.028244,0.023554,0.019062,0.014758,0.010640,0.006713,0.002995,-0.000497,-0.003751,-0.006760,-0.009530,-0.012068,-0.014383,-0.016477,-0.018341,-0.019952,-0.021270,-0.022242,-0.022815,-0.022976,-0.022807,-0.022551,-0.022629,-0.023572,-0.025830,-0.029403,-0.033634,-0.037528,-0.040221,-0.040624,-0.038890,-0.037005,-0.036191,-0.036616,-0.038079,-0.038803,-0.059704,0.010991,0.020337,-0.044155,-0.034080,-0.039897,-0.037124,-0.032081,-0.020456,-0.013837
0.003316,0.010924,0.025519,0.037863,0.048144,0.056224,0.062017,0.065551,0.066997,0.066646,0.064847,0.061938,0.058208,0.053889,0.049168,0.044207,0.039153,0.034130,0.029230,0.024508,0.019984,0.015656,0.011515,0.007557,0.003787,0.000221,-0.003127,-0.006245,-0.009128,-0.011779,-0.014206,-0.016411,-0.018392,-0.020129,-0.021589,-0.022717,-0.023459,-0.023781,-0.023733,-0.023507,-0.023470,-0.024124,-0.025951,-0.029062,-0.032947,-0.036693,-0.039441,-0.040002,-0.038748,-0.037729,-0.037534,-0.038192,-0.039896,-0.041047,-0.059820,0.001763,0.011673,-0.039629,-0.029343,-0.035975,-0.032520,-0.027775,-0.017893,-0.012173
0.002895,0.010214,0.024285,0.036296,0.046403,0.054485,0.060449,0.064283,0.066095,0.066115,0.064649,0.062024,0.058536,0.054428,0.049889,0.045075,0.040122,0.035149,0.030254,0.025508,0.020947,0.016582,0.012405,0.008408,0.004589,0.000952,-0.002488,-0.005716,-0.008721,-0.011498,-0.014048,-0.016374,-0.018474,-0.020335,-0.021929,-0.023206,-0.024108,-0.024595,-0.024684,-0.024522,-0.024418,-0.024831,-0.026258,-0.028904,-0.032408,-0.035963,-0.038728,-0.039459,-0.038609,-0.038254,-0.038575,-0.039403,-0.041201,-0.042680,-0.059157,-0.007576,0.004765,-0.034526,-0.025965,-0.032171,-0.028762,-0.023918,-0.015556,-0.010684
0.002515,0.009550,0.023111,0.034790,0.044707,0.052750,0.058831,0.062917,0.065068,0.065455,0.064336,0.062013,0.058779,0.054887,0.050537,0.045884,0.041055,0.036162,0.031300,0.026546,0.021951,0.017539,0.013314,0.009266,0.005389,0.001682,-0.001847,-0.005183,-0.008312,-0.011222,-0.013906,-0.016363,-0.018590,-0.020577,-0.022300,-0.023717,-0.024774,-0.025421,-0.025656,-0.025582,-0.025451,-0.025674,-0.026736,-0.028921,-0.032014,-0.035329,-0.038064,-0.038965,-0.038448,-0.038556,-0.039282,-0.040246,-0.042032,-0.043716,-0.057834,-0.016567,-0.000658,-0.029298,-0.023791,-0.028470,-0.025703,-0.020649,-0.013487,-0.009368
0.002174,0.008935,0.021998,0.033350,0.043068,0.051045,0.057198,0.061487,0.063941,0.064681,0.063914,0.061908,0.058944,0.055278,0.051121,0.046634,0.041943,0.037150,0.032345,0.027604,0.022986,0.018527,0.014241,0.010129,0.006184,0.002401,-0.001218,-0.004661,-0.007912,-0.010957,-0.013781,-0.016378,-0.018739,-0.020856,-0.022709,-0.024261,-0.025463,-0.026264,-0.026646,-0.026675,-0.026551,-0.026629,-0.027369,-0.029108,-0.031763,-0.034788,-0.037441,-0.038496,-0.038254,-0.038646,-0.039655,-0.040737,-0.042442,-0.044213,-0.056004,-0.024776,-0.004971,-0.024259,-0.022524,-0.024965,-0.023105,-0.018005,-0.011705,-0.008203
0.001875,0.008367,0.020947,0.031979,0.041495,0.049387,0.055578,0.060026,0.062742,0.063809,0.063390,0.061712,0.059034,0.055606,0.051648,0.047330,0.042781,0.038101,0.033371,0.028663,0.024036,0.019534,0.015185,0.010997,0.006971,0.003101,-0.000611,-0.004160,-0.007532,-0.010710,-0.013676,-0.016417,-0.018920,-0.021173,-0.023157,-0.024842,-0.026182,-0.027128,-0.027653,-0.027794,-0.027701,-0.027675,-0.028137,-0.029453,-0.031657,-0.034343,-0.036855,-0.038032,-0.038014,-0.038550,-0.039720,-0.040896,-0.042491,-0.044248,-0.053822,-0.031838,-0.008545,-0.019626,-0.021804,-0.021814,-0.020749,-0.015919,-0.010214,-0.007172
0.001615,0.007847,0.019957,0.030677,0.039992,0.047789,0.053992,0.058561,0.061498,0.062862,0.062776,0.061429,0.059048,0.055873,0.052122,0.047976,0.043570,0.039006,0.034362,0.029701,0.025080,0.020547,0.016136,0.011867,0.007748,0.003782,-0.000033,-0.003692,-0.007184,-0.010493,-0.013599,-0.016484,-0.019131,-0.021525,-0.023644,-0.025461,-0.026935,-0.028019,-0.028681,-0.028934,-0.028889,-0.028793,-0.029020,-0.029943,-0.031692,-0.033998,-0.036305,-0.037556,-0.037717,-0.038295,-0.039515,-0.040750,-0.042229,-0.043899,-0.051435,-0.037499,-0.011680,-0.015556,-0.021272,-0.019164,-0.018500,-0.014256,-0.008993,-0.006272
0.001394,0.007375,0.019029,0.029442,0.038560,0.046255,0.052452,0.057112,0.060234,0.061859,0.062084,0.061061,0.058985,0.056075,0.052543,0.048574,0.044312,0.039864,0.035307,0.030702,0.026101,0.021548,0.017081,0.012731,0.008514,0.004440,0.000513,-0.003262,-0.006876,-0.010314,-0.013557,-0.016585,-0.019377,-0.021913,-0.024169,-0.026118,-0.027723,-0.028938,-0.029728,-0.030091,-0.030104,-0.029964,-0.029996,-0.030562,-0.031862,-0.033754,-0.035797,-0.037057,-0.037351,-0.037906,-0.039080,-0.040327,-0.041695,-0.043236,-0.048963,-0.041635,-0.014561,-0.012168,-0.020625,-0.017094,-0.016329,-0.012857,-0.007998,-0.005503
0.001209,0.006949,0.018161,0.028274,0.037196,0.044788,0.050967,0.055695,0.058969,0.060822,0.061330,0.060616,0.058844,0.056207,0.052905,0.049121,0.045005,0.040671,0.036202,0.031656,0.027080,0.022517,0.018006,0.013579,0.009263,0.005075,0.001028,-0.002871,-0.006612,-0.010181,-0.013560,-0.016728,-0.019663,-0.022339,-0.024732,-0.026813,-0.028545,-0.029885,-0.030795,-0.031263,-0.031338,-0.031173,-0.031043,-0.031290,-0.032156,-0.033612,-0.035333,-0.036529,-0.036906,-0.037398,-0.038454,-0.039659,-0.040919,-0.042311,-0.046496,-0.044241,-0.017259,-0.009541,-0.019653,-0.015576,-0.014290,-0.011588,-0.007176,-0.004868
0.001059,0.006566,0.017353,0.027170,0.035897,0.043384,0.049538,0.054317,0.057717,0.059767,0.060529,0.060103,0.058626,0.056265,0.053202,0.049611,0.045645,0.041426,0.037041,0.032553,0.028006,0.023441,0.018893,0.014398,0.009986,0.005683,0.001509,-0.002521,-0.006395,-0.010099,-0.013615,-0.016921,-0.019995,-0.022810,-0.025337,-0.027547,-0.029401,-0.030859,-0.031880,-0.032444,-0.032580,-0.032402,-0.032140,-0.032104,-0.032559,-0.033567,-0.034918,-0.035973,-0.036372,-0.036777,-0.037668,-0.038776,-0.039924,-0.041164,-0.044087,-0.045417,-0.019751,-0.007715,-0.018260,-0.014488,-0.012470,-0.010369,-0.006468,-0.004354
0.000939,0.006223,0.016601,0.026127,0.034660,0.042039,0.048162,0.052979,0.056485,0.058705,0.059691,0.059529,0.058333,0.056244,0.053424,0.050035,0.046227,0.042124,0.037822,0.033388,0.028870,0.024306,0.019728,0.015172,0.010672,0.006257,0.001955,-0.002212,-0.006226,-0.010070,-0.013725,-0.017171,-0.020382,-0.023331,-0.025989,-0.028322,-0.030292,-0.031859,-0.032980,-0.033629,-0.033819,-0.033634,-0.033262,-0.032976,-0.033048,-0.033607,-0.034551,-0.035390,-0.035745,-0.036043,-0.036739,-0.037703,-0.038728,-0.039819,-0.041761,-0.045335,-0.021956,-0.006684,-0.016462,-0.013644,-0.010936,-0.009172,-0.005824,-0.003939
0.000846,0.005918,0.015901,0.025141,0.033479,0.040747,0.046833,0.051680,0.055276,0.057642,0.058827,0.058903,0.057968,0.056142,0.053564,0.050383,0.046739,0.042757,0.038539,0.034157,0.029665,0.025101,0.020499,0.015889,0.011307,0.006786,0.002359,-0.001947,-0.006106,-0.010096,-0.013896,-0.017483,-0.020832,-0.023913,-0.026696,-0.029144,-0.031221,-0.032883,-0.034089,-0.034808,-0.035041,-0.034849,-0.034380,-0.033872,-0.033591,-0.033713,-0.034225,-0.034781,-0.035023,-0.035191,-0.035678,-0.036461,-0.037348,-0.038293,-0.039514,-0.044208,-0.023770,-0.006387,-0.014363,-0.012844,-0.009709,-0.008018,-0.005211,-0.003589
0.000776,0.005646,0.015249,0.024205,0.032346,0.039499,0.045542,0.050410,0.054083,0.056578,0.057938,0.058228,0.057532,0.055954,0.053614,0.050641,0.047167,0.043313,0.039182,0.034852,0.030384,0.025820,0.021193,0.016535,0.011878,0.007258,0.002709,-0.001734,-0.006041,-0.010183,-0.014133,-0.017866,-0.021353,-0.024564,-0.027465,-0.030020,-0.032189,-0.033930,-0.035201,-0.035970,-0.036229,-0.036020,-0.035461,-0.034755,-0.034151,-0.033853,-0.033923,-0.034143,-0.034206,-0.034216,-0.034486,-0.035064,-0.035795,-0.036595,-0.037321,-0.042259,-0.025093,-0.006713,-0.012127,-0.011920,-0.008744,-0.006942,-0.004611,-0.003268
0.000725,0.005401,0.014638,0.023312,0.031252,0.038283,0.044277,0.049158,0.052897,0.055506,0.057021,0.057502,0.057024,0.055677,0.053564,0.050798,0.047497,0.043776,0.039737,0.035462,0.031018,0.026452,0.021801,0.017096,0.012370,0.007656,0.002991,-0.001587,-0.006042,-0.010339,-0.014445,-0.018328,-0.021956,-0.025294,-0.028305,-0.030953,-0.033197,-0.034995,-0.036306,-0.037097,-0.037357,-0.037115,-0.036464,-0.035575,-0.034676,-0.033984,-0.033616,-0.033463,-0.033290,-0.033113,-0.033161,-0.033520,-0.034079,-0.034733,-0.035149,-0.039700,-0.025852,-0.007506,-0.009933,-0.010774,-0.007952,-0.005977,-0.004023,-0.002946
0.000689,0.005179,0.014061,0.022453,0.030187,0.037089,0.043024,0.047908,0.051704,0.054412,0.056066,0.056719,0.056438,0.055302,0.053402,0.050837,0.047710,0.044126,0.040185,0.035970,0.031552,0.026984,0.022308,0.017557,0.012764,0.007961,0.003185,-0.001525,-0.006127,-0.010581,-0.014845,-0.018882,-0.022650,-0.026110,-0.029222,-0.031946,-0.034240,-0.036065,-0.037383,-0.038163,-0.038392,-0.038092,-0.037338,-0.036275,-0.035107,-0.034051,-0.033261,-0.032720,-0.032265,-0.031872,-0.031696,-0.031831,-0.032208,-0.032713,-0.032959,-0.036718,-0.026007,-0.008586,-0.007942,-0.009381,-0.007221,-0.005133,-0.003453,-0.002606
0.000665,0.004974,0.013509,0.021617,0.029138,0.035899,0.041764,0.046641,0.050481,0.053278,0.055056,0.055863,0.055759,0.054816,0.053114,0.050739,0.047782,0.044339,0.040501,0.036351,0.031964,0.027396,0.022694,0.017897,0.013036,0.008145,0.003261,-0.001577,-0.006324,-0.010933,-0.015356,-0.019543,-0.023446,-0.027019,-0.030214,-0.032989,-0.035303,-0.037117,-0.038400,-0.039125,-0.039283,-0.038894,-0.038021,-0.036787,-0.035372,-0.033986,-0.032804,-0.031876,-0.031115,-0.030485,-0.030083,-0.029996,-0.030187,-0.030541,-0.030717,-0.033468,-0.025557,-0.009761,-0.006275,-0.007789,-0.006448,-0.004395,-0.002911,-0.002241
0.000649,0.004780,0.012971,0.020791,0.028088,0.034695,0.040476,0.045332,0.049204,0.052077,0.053965,0.054909,0.054965,0.054196,0.052676,0.050479,0.047687,0.044383,0.040652,0.036573,0.032221,0.027656,0.022930,0.018084,0.013153,0.008173,0.003180,-0.001784,-0.006672,-0.011431,-0.016004,-0.020332,-0.024356,-0.028019,-0.031269,-0.034060,-0.036349,-0.038105,-0.039301,-0.039922,-0.039963,-0.039449,-0.038435,-0.037029,-0.035389,-0.033710,-0.032177,-0.030886,-0.029814,-0.028936,-0.028313,-0.028014,-0.028022,-0.028227,-0.028396,-0.030071,-0.024534,-0.010852,-0.004990,-0.006093,-0.005564,-0.003728,-0.002401,-0.001860
0.000637,0.004591,0.012437,0.019959,0.027018,0.033456,0.039135,0.043953,0.047842,0.050775,0.052760,0.053826,0.054024,0.053413,0.052057,0.050024,0.047387,0.044219,0.040595,0.036592,0.032278,0.027719,0.022967,0.018070,0.013066,0.007992,0.002889,-0.002200,-0.007222,-0.012119,-0.016825,-0.021269,-0.025382,-0.029098,-0.032357,-0.035110,-0.037318,-0.038955,-0.040005,-0.040463,-0.040339,-0.039660,-0.038484,-0.036906,-0.035065,-0.033137,-0.031304,-0.029691,-0.028328,-0.027210,-0.026377,-0.025881,-0.025718,-0.025782,-0.025977,-0.026619,-0.022996,-0.011703,-0.004089,-0.004409,-0.004542,-0.003088,-0.001924,-0.001476
0.000627,0.004400,0.011893,0.019102,0.025906,0.032153,0.037710,0.042469,0.046356,0.049334,0.051398,0.052572,0.052896,0.052425,0.051216,0.049332,0.046837,0.043795,0.040275,0.036345,0.032071,0.027517,0.022738,0.017785,0.012702,0.007532,0.002319,-0.002887,-0.008029,-0.013037,-0.017839,-0.022353,-0.026500,-0.030206,-0.033406,-0.036050,-0.038104,-0.039552,-0.040391,-0.040631,-0.040295,-0.039421,-0.038068,-0.036323,-0.034309,-0.032182,-0.030112,-0.028237,-0.026623,-0.025291,-0.024271,-0.023603,-0.023286,-0.023220,-0.023458,-0.023179,-0.021023,-0.012201,-0.003524,-0.002849,-0.003401,-0.002435,-0.001473,-0.001103
0.000616,0.004201,0.011324,0.018199,0.024722,0.030755,0.036165,0.040841,0.044703,0.047704,0.049829,0.051092,0.051524,0.051173,0.050093,0.048338,0.045967,0.043038,0.039611,0.035747,0.031509,0.026956,0.022148,0.017138,0.011977,0.006715,0.001405,-0.003896,-0.009120,-0.014192,-0.019027,-0.023537,-0.027635,-0.031242,-0.034293,-0.036741,-0.038561,-0.039748,-0.040315,-0.040289,-0.039707,-0.038619,-0.037088,-0.035195,-0.033047,-0.030780,-0.028545,-0.026481,-0.024675,-0.023171,-0.021999,-0.021190,-0.020744,-0.020565,-0.020847,-0.019802,-0.018708,-0.012280,-0.003214,-0.001501,-0.002194,-0.001745,-0.001040,-0.000750
0.000601,0.003984,0.010708,0.017220,0.023435,0.029223,0.034455,0.039020,0.042828,0.045826,0.047986,0.049313,0.049830,0.049576,0.048599,0.046949,0.044680,0.041842,0.038492,0.034683,0.030473,0.025921,0.021087,0.016028,0.010804,0.005474,0.000102,-0.005244,-0.010486,-0.015539,-0.020313,-0.024714,-0.028651,-0.032049,-0.034844,-0.037001,-0.038504,-0.039364,-0.039610,-0.039287,-0.038445,-0.037146,-0.035455,-0.033448,-0.031219,-0.028880,-0.026562,-0.024393,-0.022470,-0.020852,-0.019574,-0.018663,-0.018119,-0.017849,-0.018169,-0.016527,-0.016153,-0.011923,-0.003067,-0.000418,-0.000990,-0.001007,-0.000613,-0.000422
0.000575,0.003736,0.010020,0.016132,0.022002,0.027510,0.032529,0.036943,0.040662,0.043619,0.045779,0.047136,0.047704,0.047515,0.046610,0.045035,0.042839,0.040069,0.036776,0.033010,0.028826,0.024282,0.019439,0.014361,0.009116,0.003774,-0.001588,-0.006891,-0.012048,-0.016965,-0.021548,-0.025705,-0.029349,-0.032409,-0.034837,-0.036607,-0.037722,-0.038206,-0.038106,-0.037479,-0.036392,-0.034909,-0.033100,-0.031034,-0.028789,-0.026456,-0.024144,-0.021962,-0.020007,-0.018345,-0.017018,-0.016050,-0.015444,-0.015110,-0.015460,-0.013390,-0.013464,-0.011158,-0.002995,0.000391,0.000148,-0.000239,-0.000189,-0.000120
0.000528,0.003438,0.009230,0.014897,0.020379,0.025561,0.030319,0.034535,0.038111,0.040976,0.043086,0.044425,0.044998,0.044830,0.043957,0.042420,0.040266,0.037540,0.034290,0.030565,0.026420,0.021913,0.017109,0.012078,0.006895,0.001644,-0.003589,-0.008715,-0.013638,-0.018263,-0.022498,-0.026255,-0.029460,-0.032057,-0.034013,-0.035321,-0.035998,-0.036087,-0.035647,-0.034746,-0.033457,-0.031848,-0.029987,-0.027934,-0.025752,-0.023512,-0.021297,-0.019197,-0.017299,-0.015672,-0.014359,-0.013386,-0.012757,-0.012389,-0.012762,-0.010424,-0.010744,-0.010050,-0.002908,0.000954,0.001142,0.000520,0.000232,0.000164
0.000444,0.003067,0.008302,0.013470,0.018511,0.023310,0.027744,0.031693,0.035057,0.037758,0.039746,0.040998,0.041513,0.041310,0.040420,0.038883,0.036743,0.034048,0.030846,0.027188,0.023128,0.018728,0.014057,0.009190,0.004211,-0.000791,-0.005722,-0.010486,-0.014988,-0.019136,-0.022846,-0.026044,-0.028674,-0.030700,-0.032108,-0.032911,-0.033142,-0.032856,-0.032120,-0.031009,-0.029594,-0.027944,-0.026118,-0.024166,-0.022136,-0.020079,-0.018053,-0.016128,-0.014376,-0.012862,-0.011630,-0.010708,-0.010100,-0.009731,-0.010125,-0.007659,-0.008093,-0.008677,-0.002731,0.001300,0.001925,0.001225,0.000644,0.000438
0.000299,0.002595,0.007198,0.011806,0.016338,0.020679,0.024702,0.028291,0.031343,0.033780,0.035549,0.036623,0.036999,0.036693,0.035735,0.034167,0.032033,0.029385,0.026273,0.022752,0.018879,0.014718,0.010339,0.005821,0.001248,-0.003287,-0.007691,-0.011872,-0.015740,-0.019214,-0.022227,-0.024726,-0.026675,-0.028060,-0.028890,-0.029193,-0.029015,-0.028418,-0.027471,-0.026246,-0.024812,-0.023225,-0.021536,-0.019783,-0.017997,-0.016211,-0.014462,-0.012799,-0.011278,-0.009955,-0.008873,-0.008057,-0.007518,-0.007183,-0.007599,-0.005129,-0.005593,-0.007109,-0.002438,0.001454,0.002467,0.001817,0.001031,0.000710
0.000060,0.001990,0.005891,0.009890,0.013878,0.017743,0.021372,0.024652,0.027481,0.029775,0.031468,0.032521,0.032915,0.032655,0.031761,0.030268,0.028223,0.025676,0.022683,0.019306,0.015608,0.011661,0.007540,0.003330,-0.000880,-0.004999,-0.008934,-0.012595,-0.015905,-0.018795,-0.021214,-0.023128,-0.024524,-0.025406,-0.025799,-0.025743,-0.025291,-0.024507,-0.023455,-0.022203,-0.020810,-0.019325,-0.017787,-0.016225,-0.014661,-0.013112,-0.011601,-0.010160,-0.008830,-0.007656,-0.006677,-0.005917,-0.005385,-0.005020,-0.005366,-0.002903,-0.003251,-0.005307,-0.001861,0.001645,0.002902,0.002426,0.000877,-0.000056
-0.000293,0.001273,0.004500,0.007970,0.011509,0.014983,0.018259,0.021210,0.023730,0.025736,0.027170,0.028001,0.028221,0.027840,0.026887,0.025400,0.023426,0.021018,0.018232,0.015129,0.011772,0.008231,0.004577,0.000891,-0.002744,-0.006245,-0.009528,-0.012519,-0.015152,-0.017376,-0.019157,-0.020481,-0.021350,-0.021783,-0.021814,-0.021489,-0.020862,-0.019990,-0.018934,-0.017750,-0.016486,-0.015183,-0.013870,-0.012565,-0.011281,-0.010023,-0.008799,-0.007627,-0.006530,-0.005544,-0.004701,-0.004023,-0.003522,-0.003153,-0.003431,-0.001046,-0.001239,-0.003665,-0.001532,0.001248,0.002745,0.001639,0.000530,0.000388
-0.000635,0.000655,0.003351,0.006323,0.009336,0.012265,0.015006,0.017458,0.019537,0.021167,0.022297,0.022894,0.022949,0.022473,0.021497,0.020061,0.018217,0.016020,0.013529,0.010806,0.007912,0.004912,0.001871,-0.001143,-0.004060,-0.006812,-0.009334,-0.011570,-0.013474,-0.015013,-0.016172,-0.016950,-0.017362,-0.017435,-0.017206,-0.016721,-0.016028,-0.015177,-0.014216,-0.013191,-0.012138,-0.011086,-0.010054,-0.009052,-0.008082,-0.007140,-0.006224,-0.005337,-0.004494,-0.003717,-0.003035,-0.002470,-0.002040,-0.001683,-0.001874,0.000341,0.000189,-0.002550,-0.001602,0.000706,0.001523,0.001086,0.000717,0.000428
-0.000758,0.000271,0.002419,0.004768,0.007137,0.009432,0.011566,0.013456,0.015031,0.016232,0.017018,0.017365,0.017269,0.016743,0.015814,0.014523,0.012918,0.011054,0.008987,0.006774,0.004471,0.002134,-0.000184,-0.002428,-0.004548,-0.006496,-0.008228,-0.009710,-0.010915,-0.011829,-0.012449,-0.012787,-0.012862,-0.012704,-0.012347,-0.011829,-0.011189,-0.010466,-0.009694,-0.008906,-0.008125,-0.007369,-0.006648,-0.005962,-0.005306,-0.004671,-0.004046,-0.003429,-0.002825,-0.002250,-0.001729,-0.001289,-0.000915,-0.000565,-0.000773,0.001127,0.001047,-0.001750,-0.001573,-0.000633,0.000312,0.001155,0.000879,0.000544
-0.000684,0.000072,0.001636,0.003311,0.004976,0.006574,0.008046,0.009333,0.010382,0.011149,0.011601,0.011726,0.011524,0.011011,0.010215,0.009173,0.007926,0.006522,0.005007,0.003425,0.001820,0.000233,-0.001300,-0.002745,-0.004069,-0.005247,-0.006255,-0.007077,-0.007703,-0.008131,-0.008367,-0.008425,-0.008324,-0.008089,-0.007744,-0.007316,-0.006832,-0.006315,-0.005788,-0.005268,-0.004770,-0.004301,-0.003862,-0.003451,-0.003059,-0.002674,-0.002287,-0.001892,-0.001492,-0.001101,-0.000743,-0.000417,-0.000135,0.000087,-0.000192,0.001430,0.001407,-0.001242,-0.002471,-0.001996,0.000137,0.001373,0.001144,0.000859
-0.000457,0.000024,0.000997,0.001984,0.002946,0.003853,0.004674,0.005374,0.005921,0.006289,0.006462,0.006433,0.006209,0.005804,0.005241,0.004550,0.003761,0.002906,0.002015,0.001115,0.000231,-0.000616,-0.001409,-0.002132,-0.002772,-0.003321,-0.003769,-0.004113,-0.004351,-0.004486,-0.004523,-0.004472,-0.004344,-0.004152,-0.003912,-0.003637,-0.003342,-0.003041,-0.002746,-0.002465,-0.002207,-0.001972,-0.001760,-0.001564,-0.001375,-0.001186,-0.000987,-0.000775,-0.000553,-0.000331,-0.000124,0.000060,0.000195,0.000274,-0.000083,0.001236,0.001392,-0.001876,-0.003325,-0.001744,0.000612,0.001823,0.001200,0.000630
-0.000155,0.000060,0.000478,0.000855,0.001207,0.001527,0.001806,0.002029,0.002186,0.002267,0.002270,0.002196,0.002049,0.001841,0.001583,0.001290,0.000975,0.000651,0.000330,0.000021,-0.000269,-0.000535,-0.000776,-0.000987,-0.001168,-0.001318,-0.001434,-0.001516,-0.001562,-0.001573,-0.001550,-0.001496,-0.001416,-0.001316,-0.001202,-0.001081,-0.000962,-0.000849,-0.000748,-0.000659,-0.000585,-0.000521,-0.000463,-0.000408,-0.000349,-0.000283,-0.000207,-0.000123,-0.000036,0.000046,0.000111,0.000149,0.000145,0.000111,-0.000295,0.000974,0.000199,-0.002299,-0.001917,-0.000364,0.001214,0.001445,0.000537,-0.000028
-0.000000,-0.000000,-0.000000,-0.000000,-0.000000,-0.000000,-0.000000,-0.000000,-0.000000,-0.000000,-0.000000,-0.000000,-0.000000,-0.000000,-0.000000,-0.000000,-0.000000,-0.000000,-0.000000,-0.000000,-0.000000,-0.000000,-0.000000,-0.000000,-0.000000,-0.000000,-0.000000,-0.000000,-0.000000,-0.000000,-0.000000,-0.000000,-0.000000,-0.000000,-0.000000,-0.000000,-0.000000,-0.000000,-0.000000,-0.000000,-0.000000,-0.000000,-0.000000,-0.000000,-0.000000,-0.000000,-0.000000,-0.000000,-0.000000,-0.000000,-0.000000,-0.000000,-0.000000,-0.000000,-0.000000,-0.000000,-0.000000,-0.000000,-0.000000,-0.000000,-0.000000,-0.000000,-0.000000,-0.000000
