-0.000000,-0.000000,-0.000000,-0.000000,-0.000000,-0.000000,-0.000000,-0.000000,-0.000000,-0.000000,-0.000000,-0.000000,-0.000000,-0.000000,-0.000000,-0.000000,-0.000000,-0.000000,-0.000000,-0.000000,-0.000000,-0.000000,-0.000000,-0.000000,-0.000000,-0.000000,-0.000000,-0.000000,-0.000000,-0.000000,-0.000000,-0.000000,-0.000000,-0.000000,-0.000000,-0.000000,-0.000000,-0.000000,-0.000000,-0.000000,-0.000000,-0.000000,-0.000000,-0.000000,-0.000000,-0.000000,-0.000000,-0.000000,-0.000000,-0.000000,-0.000000,-0.000000,-0.000000,-0.000000,-0.000000,-0.000000,-0.000000,-0.000000,-0.000000,-0.000000,-0.000000,-0.000000,-0.000000,-0.000000
-0.129914,-0.102566,-0.064211,-0.056264,-0.047825,-0.041025,-0.035562,-0.031275,-0.027888,-0.025111,-0.022724,-0.020595,-0.018661,-0.016894,-0.015282,-0.013817,-0.012492,-0.011297,-0.010223,-0.009260,-0.008400,-0.007634,-0.006951,-0.006343,-0.005800,-0.005312,-0.004872,-0.004472,-0.004106,-0.003770,-0.003459,-0.003172,-0.002905,-0.002660,-0.002432,-0.002223,-0.002028,-0.001852,-0.001685,-0.001540,-0.001395,-0.001279,-0.001148,-0.001066,-0.000936,-0.000902,-0.000740,-0.000773,-0.000528,-0.000770,-0.000349,-0.000881,0.000419,-0.001125,0.000335,-0.004765,0.004843,0.004097,0.005221,-0.032405,0.051417,0.142022,0.315428,0.467811
-0.098614,-0.098857,-0.093942,-0.081596,-0.073104,-0.065664,-0.058962,-0.053113,-0.048210,-0.044167,-0.040785,-0.037855,-0.035218,-0.032781,-0.030497,-0.028347,-0.026325,-0.024431,-0.022665,-0.021027,-0.019514,-0.018123,-0.016847,-0.015677,-0.014603,-0.013613,-0.012697,-0.011845,-0.011049,-0.010301,-0.009598,-0.008934,-0.008309,-0.007717,-0.007160,-0.006633,-0.006142,-0.005674,-0.005245,-0.004830,-0.004460,-0.004089,-0.003780,-0.003441,-0.003203,-0.002870,-0.002702,-0.002335,-0.002327,-0.001975,-0.002112,-0.001307,-0.001300,-0.001477,-0.003722,-0.002747,0.010582,0.012635,-0.017208,-0.051435,0.135145,0.281762,0.489724,0.665701
-0.068502,-0.078891,-0.090829,-0.085117,-0.079233,-0.073910,-0.068701,-0.063480,-0.058505,-0.054063,-0.050271,-0.047073,-0.044331,-0.041899,-0.039663,-0.037552,-0.035528,-0.033575,-0.031693,-0.029884,-0.028154,-0.026510,-0.024953,-0.023483,-0.022099,-0.020795,-0.019565,-0.018403,-0.017301,-0.016254,-0.015258,-0.014307,-0.013401,-0.012535,-0.011712,-0.010923,-0.010180,-0.009464,-0.008801,-0.008150,-0.007568,-0.006972,-0.006482,-0.005922,-0.005541,-0.004963,-0.004727,-0.004082,-0.004188,-0.003361,-0.003755,-0.001891,-0.003326,-0.001958,-0.006661,0.004244,0.010225,0.013380,-0.068209,-0.053819,0.221142,0.378119,0.579892,0.729850
-0.045926,-0.060167,-0.079844,-0.079496,-0.075853,-0.072333,-0.069093,-0.065598,-0.061707,-0.057683,-0.053882,-0.050540,-0.047713,-0.045334,-0.043282,-0.041435,-0.039702,-0.038023,-0.036367,-0.034724,-0.033095,-0.031488,-0.029913,-0.028379,-0.026895,-0.025464,-0.024089,-0.022771,-0.021508,-0.020296,-0.019136,-0.018021,-0.016953,-0.015926,-0.014945,-0.013999,-0.013100,-0.012230,-0.011415,-0.010616,-0.009888,-0.009152,-0.008522,-0.007831,-0.007313,-0.006616,-0.006267,-0.005552,-0.005560,-0.004555,-0.004699,-0.002589,-0.004344,-0.002442,-0.006932,0.006982,-0.000815,-0.007822,-0.140735,-0.038656,0.307890,0.447282,0.617277,0.719151
-0.030616,-0.045101,-0.067083,-0.071124,-0.069444,-0.066811,-0.064637,-0.062624,-0.060232,-0.057307,-0.054072,-0.050876,-0.047992,-0.045541,-0.043509,-0.041804,-0.040314,-0.038936,-0.037598,-0.036254,-0.034884,-0.033483,-0.032060,-0.030625,-0.029192,-0.027775,-0.026385,-0.025029,-0.023714,-0.022442,-0.021216,-0.020034,-0.018897,-0.017802,-0.016751,-0.015737,-0.014768,-0.013831,-0.012943,-0.012079,-0.011274,-0.010477,-0.009765,-0.009018,-0.008405,-0.007683,-0.007239,-0.006553,-0.006356,-0.005294,-0.004948,-0.002985,-0.004320,-0.003166,-0.008586,-0.000862,-0.026584,-0.054118,-0.213614,-0.001638,0.396788,0.502440,0.619282,0.664906
-0.020521,-0.033562,-0.054738,-0.061906,-0.062443,-0.060598,-0.058714,-0.057317,-0.056005,-0.054306,-0.052071,-0.049468,-0.046799,-0.044330,-0.042209,-0.040459,-0.039020,-0.037795,-0.036687,-0.035615,-0.034528,-0.033395,-0.032207,-0.030968,-0.029688,-0.028383,-0.027069,-0.025761,-0.024472,-0.023210,-0.021983,-0.020795,-0.019649,-0.018543,-0.017479,-0.016454,-0.015472,-0.014523,-0.013619,-0.012742,-0.011916,-0.011108,-0.010363,-0.009611,-0.008953,-0.008252,-0.007746,-0.007095,-0.006670,-0.005541,-0.004681,-0.002974,-0.004109,-0.005525,-0.015700,-0.020439,-0.063184,-0.110857,-0.267059,0.053236,0.484709,0.546684,0.594224,0.583989
-0.013910,-0.025015,-0.043859,-0.052544,-0.055255,-0.054659,-0.053056,-0.051686,-0.050732,-0.049825,-0.048577,-0.046847,-0.044749,-0.042528,-0.040421,-0.038578,-0.037049,-0.035802,-0.034760,-0.033838,-0.032958,-0.032065,-0.031122,-0.030114,-0.029040,-0.027910,-0.026737,-0.025539,-0.024333,-0.023133,-0.021951,-0.020796,-0.019675,-0.018590,-0.017545,-0.016538,-0.015571,-0.014640,-0.013750,-0.012891,-0.012075,-0.011283,-0.010540,-0.009806,-0.009141,-0.008475,-0.007931,-0.007287,-0.006651,-0.005413,-0.004157,-0.002843,-0.004622,-0.010147,-0.027826,-0.046461,-0.101884,-0.164944,-0.293339,0.120397,0.566681,0.577225,0.546430,0.486207
-0.009470,-0.018808,-0.034962,-0.043693,-0.047924,-0.048858,-0.047994,-0.046681,-0.045646,-0.044948,-0.044286,-0.043345,-0.041994,-0.040302,-0.038456,-0.036659,-0.035052,-0.033699,-0.032591,-0.031675,-0.030879,-0.030133,-0.029381,-0.028585,-0.027725,-0.026796,-0.025803,-0.024758,-0.023678,-0.022580,-0.021478,-0.020387,-0.019316,-0.018272,-0.017263,-0.016288,-0.015351,-0.014450,-0.013587,-0.012757,-0.011965,-0.011202,-0.010477,-0.009774,-0.009122,-0.008488,-0.007920,-0.007259,-0.006449,-0.005096,-0.003626,-0.002835,-0.005868,-0.015825,-0.041334,-0.072562,-0.136871,-0.207886,-0.290414,0.193937,0.635520,0.588564,0.479859,0.379818
-0.006320,-0.014284,-0.028064,-0.035945,-0.040744,-0.042973,-0.043209,-0.042353,-0.041277,-0.040458,-0.039915,-0.039411,-0.038690,-0.037628,-0.036261,-0.034729,-0.033195,-0.031789,-0.030582,-0.029582,-0.028755,-0.028045,-0.027392,-0.026744,-0.026061,-0.025321,-0.024515,-0.023645,-0.022720,-0.021754,-0.020763,-0.019761,-0.018763,-0.017779,-0.016818,-0.015885,-0.014985,-0.014119,-0.013287,-0.012489,-0.011727,-0.010994,-0.010296,-0.009624,-0.008993,-0.008386,-0.007805,-0.007117,-0.006183,-0.004744,-0.003207,-0.002906,-0.007171,-0.020806,-0.052885,-0.094551,-0.164502,-0.232707,-0.258994,0.266311,0.681647,0.574971,0.400306,0.274387
-0.003954,-0.010891,-0.022820,-0.029598,-0.034172,-0.037095,-0.038394,-0.038345,-0.037562,-0.036663,-0.035989,-0.035547,-0.035151,-0.034591,-0.033753,-0.032647,-0.031372,-0.030062,-0.028831,-0.027748,-0.026836,-0.026076,-0.025428,-0.024841,-0.024269,-0.023674,-0.023032,-0.022331,-0.021569,-0.020753,-0.019893,-0.019005,-0.018101,-0.017194,-0.016296,-0.015416,-0.014560,-0.013732,-0.012935,-0.012169,-0.011436,-0.010734,-0.010063,-0.009421,-0.008813,-0.008228,-0.007643,-0.006933,-0.005925,-0.004440,-0.002896,-0.002878,-0.007885,-0.023908,-0.060501,-0.109678,-0.180788,-0.233947,-0.204115,0.327191,0.695790,0.533891,0.315800,0.180553
-0.002133,-0.008243,-0.018749,-0.024603,-0.028560,-0.031549,-0.033532,-0.034345,-0.034166,-0.033459,-0.032691,-0.032120,-0.031750,-0.031432,-0.030992,-0.030326,-0.029428,-0.028366,-0.027246,-0.026166,-0.025193,-0.024357,-0.023652,-0.023050,-0.022512,-0.021996,-0.021469,-0.020907,-0.020294,-0.019627,-0.018908,-0.018147,-0.017354,-0.016542,-0.015723,-0.014907,-0.014105,-0.013322,-0.012563,-0.011832,-0.011129,-0.010456,-0.009812,-0.009196,-0.008611,-0.008046,-0.007464,-0.006747,-0.005708,-0.004208,-0.002646,-0.002631,-0.007718,-0.024668,-0.063240,-0.115935,-0.181884,-0.210163,-0.136316,0.365870,0.673424,0.468323,0.235540,0.107616
-0.000758,-0.006107,-0.015423,-0.020676,-0.024009,-0.026660,-0.028843,-0.030282,-0.030801,-0.030552,-0.029912,-0.029247,-0.028754,-0.028437,-0.028176,-0.027827,-0.027295,-0.026562,-0.025675,-0.024715,-0.023766,-0.022891,-0.022123,-0.021467,-0.020903,-0.020402,-0.019930,-0.019457,-0.018959,-0.018420,-0.017834,-0.017202,-0.016529,-0.015823,-0.015097,-0.014360,-0.013623,-0.012894,-0.012180,-0.011486,-0.010817,-0.010173,-0.009555,-0.008965,-0.008402,-0.007855,-0.007284,-0.006575,-0.005539,-0.004043,-0.002424,-0.002158,-0.006697,-0.023144,-0.060931,-0.112473,-0.166549,-0.166266,-0.069296,0.376677,0.617748,0.387671,0.167540,0.058746
0.000218,-0.004368,-0.012557,-0.017473,-0.020394,-0.022596,-0.024606,-0.026303,-0.027374,-0.027691,-0.027404,-0.026824,-0.026241,-0.025811,-0.025535,-0.025318,-0.025037,-0.024608,-0.024006,-0.023262,-0.022437,-0.021603,-0.020816,-0.020110,-0.019497,-0.018967,-0.018497,-0.018060,-0.017630,-0.017184,-0.016707,-0.016191,-0.015634,-0.015039,-0.014413,-0.013765,-0.013104,-0.012439,-0.011779,-0.011131,-0.010499,-0.009887,-0.009297,-0.008732,-0.008190,-0.007663,-0.007109,-0.006420,-0.005411,-0.003936,-0.002230,-0.001538,-0.005050,-0.019756,-0.054195,-0.100399,-0.138125,-0.112902,-0.014616,0.361956,0.539799,0.305276,0.115988,0.029895
0.000843,-0.002967,-0.010012,-0.014713,-0.017472,-0.019332,-0.021004,-0.022631,-0.023978,-0.024775,-0.024948,-0.024642,-0.024116,-0.023602,-0.023224,-0.022982,-0.022797,-0.022568,-0.022218,-0.021720,-0.021093,-0.020382,-0.019648,-0.018940,-0.018293,-0.017721,-0.017221,-0.016778,-0.016370,-0.015975,-0.015573,-0.015148,-0.014691,-0.014200,-0.013674,-0.013119,-0.012542,-0.011950,-0.011352,-0.010756,-0.010168,-0.009593,-0.009035,-0.008496,-0.007977,-0.007470,-0.006938,-0.006280,-0.005318,-0.003880,-0.002083,-0.000886,-0.003089,-0.015163,-0.044395,-0.082709,-0.103648,-0.062149,0.022189,0.330406,0.454966,0.232723,0.080358,0.013930
0.001176,-0.001873,-0.007751,-0.012224,-0.014994,-0.016708,-0.018071,-0.019445,-0.020790,-0.021861,-0.022448,-0.022518,-0.022207,-0.021730,-0.021275,-0.020941,-0.020726,-0.020566,-0.020375,-0.020087,-0.019672,-0.019139,-0.018526,-0.017878,-0.017242,-0.016649,-0.016116,-0.015645,-0.015227,-0.014845,-0.014479,-0.014113,-0.013731,-0.013325,-0.012890,-0.012425,-0.011933,-0.011419,-0.010891,-0.010355,-0.009817,-0.009285,-0.008763,-0.008255,-0.007762,-0.007278,-0.006770,-0.006151,-0.005249,-0.003869,-0.002004,-0.000316,-0.001129,-0.010122,-0.033277,-0.063077,-0.070500,-0.022376,0.041978,0.292427,0.376626,0.175567,0.057063,0.004874
0.001287,-0.001055,-0.005785,-0.009940,-0.012779,-0.014523,-0.015712,-0.016808,-0.017970,-0.019086,-0.019934,-0.020359,-0.020355,-0.020049,-0.019618,-0.019214,-0.018917,-0.018725,-0.018583,-0.018422,-0.018181,-0.017832,-0.017378,-0.016845,-0.016274,-0.015702,-0.015159,-0.014664,-0.014222,-0.013827,-0.013467,-0.013127,-0.012791,-0.012447,-0.012084,-0.011697,-0.011285,-0.010848,-0.010392,-0.009920,-0.009440,-0.008956,-0.008476,-0.008002,-0.007539,-0.007081,-0.006602,-0.006026,-0.005195,-0.003894,-0.002008,0.000087,0.000581,-0.005312,-0.022445,-0.044467,-0.043325,0.003954,0.049402,0.255461,0.311682,0.133569,0.042055,-0.000321
0.001246,-0.000474,-0.004134,-0.007862,-0.010727,-0.012600,-0.013774,-0.014675,-0.015598,-0.016590,-0.017512,-0.018179,-0.018479,-0.018426,-0.018130,-0.017741,-0.017382,-0.017116,-0.016943,-0.016816,-0.016677,-0.016472,-0.016176,-0.015786,-0.015323,-0.014818,-0.014303,-0.013808,-0.013349,-0.012934,-0.012562,-0.012223,-0.011906,-0.011596,-0.011283,-0.010957,-0.010612,-0.010246,-0.009858,-0.009452,-0.009031,-0.008601,-0.008167,-0.007734,-0.007304,-0.006876,-0.006429,-0.005899,-0.005144,-0.003943,-0.002094,0.000280,0.001878,-0.001199,-0.012979,-0.028567,-0.023337,0.018821,0.049671,0.222528,0.260949,0.103869,0.032225,-0.002819
0.001115,-0.000088,-0.002804,-0.006021,-0.008812,-0.010823,-0.012098,-0.012935,-0.013661,-0.014454,-0.015300,-0.016059,-0.016580,-0.016785,-0.016698,-0.016418,-0.016067,-0.015748,-0.015509,-0.015351,-0.015236,-0.015113,-0.014938,-0.014684,-0.014347,-0.013942,-0.013495,-0.013032,-0.012580,-0.012156,-0.011769,-0.011418,-0.011099,-0.010802,-0.010516,-0.010230,-0.009935,-0.009626,-0.009300,-0.008955,-0.008594,-0.008219,-0.007834,-0.007444,-0.007052,-0.006658,-0.006247,-0.005764,-0.005088,-0.004002,-0.002245,0.000262,0.002692,0.001983,-0.005353,-0.015914,-0.009626,0.025652,0.046502,0.193668,0.222162,0.083779,0.025683,-0.003490
0.000941,0.000147,-0.001778,-0.004445,-0.007051,-0.009142,-0.010566,-0.011454,-0.012082,-0.012690,-0.013378,-0.014097,-0.014719,-0.015123,-0.015257,-0.015149,-0.014886,-0.014571,-0.014285,-0.014070,-0.013925,-0.013820,-0.013709,-0.013556,-0.013337,-0.013044,-0.012689,-0.012292,-0.011876,-0.011465,-0.011074,-0.010712,-0.010383,-0.010083,-0.009805,-0.009539,-0.009276,-0.009009,-0.008732,-0.008440,-0.008133,-0.007811,-0.007476,-0.007132,-0.006781,-0.006424,-0.006050,-0.005616,-0.005018,-0.004054,-0.002436,0.000066,0.003034,0.004177,0.000404,-0.006285,-0.000586,0.027449,0.041724,0.167713,0.192456,0.071482,0.021512,-0.003163
0.000759,0.000271,-0.001024,-0.003148,-0.005477,-0.007555,-0.009111,-0.010121,-0.010755,-0.011248,-0.011770,-0.012368,-0.012977,-0.013485,-0.013796,-0.013877,-0.013757,-0.013513,-0.013228,-0.012972,-0.012778,-0.012645,-0.012546,-0.012446,-0.012311,-0.012119,-0.011864,-0.011551,-0.011198,-0.010824,-0.010450,-0.010090,-0.009754,-0.009446,-0.009164,-0.008903,-0.008656,-0.008414,-0.008171,-0.007920,-0.007658,-0.007384,-0.007097,-0.006798,-0.006490,-0.006172,-0.005837,-0.005451,-0.004928,-0.004088,-0.002638,-0.000253,0.002976,0.005450,0.004469,0.000840,0.005353,0.026523,0.036256,0.143658,0.169179,0.065191,0.019167,-0.002368
0.000589,0.000320,-0.000497,-0.002124,-0.004117,-0.006087,-0.007715,-0.008861,-0.009580,-0.010046,-0.010449,-0.010904,-0.011423,-0.011937,-0.012350,-0.012588,-0.012629,-0.012504,-0.012278,-0.012022,-0.011792,-0.011616,-0.011492,-0.011400,-0.011308,-0.011187,-0.011018,-0.010793,-0.010517,-0.010203,-0.009867,-0.009526,-0.009196,-0.008884,-0.008597,-0.008332,-0.008088,-0.007857,-0.007634,-0.007412,-0.007185,-0.006949,-0.006704,-0.006447,-0.006179,-0.005901,-0.005605,-0.005267,-0.004815,-0.004093,-0.002824,-0.000635,0.002621,0.005944,0.007083,0.005953,0.009413,0.024635,0.030975,0.121393,0.149990,0.062640,0.018076,-0.001421
0.000440,0.000320,-0.000149,-0.001346,-0.002985,-0.004768,-0.006390,-0.007644,-0.008482,-0.008996,-0.009350,-0.009690,-0.010090,-0.010540,-0.010973,-0.011307,-0.011487,-0.011499,-0.011373,-0.011165,-0.010935,-0.010728,-0.010567,-0.010453,-0.010365,-0.010280,-0.010171,-0.010021,-0.009822,-0.009577,-0.009297,-0.008994,-0.008685,-0.008382,-0.008094,-0.007826,-0.007579,-0.007350,-0.007135,-0.006928,-0.006724,-0.006518,-0.006306,-0.006085,-0.005855,-0.005614,-0.005356,-0.005062,-0.004676,-0.004065,-0.002976,-0.001028,0.002084,0.005844,0.008501,0.009422,0.012351,0.022930,0.026660,0.101486,0.133100,0.061581,0.017696,-0.000550
0.000318,0.000293,0.000063,-0.000781,-0.002078,-0.003624,-0.005163,-0.006469,-0.007421,-0.008030,-0.008404,-0.008682,-0.008975,-0.009327,-0.009717,-0.010080,-0.010351,-0.010485,-0.010476,-0.010353,-0.010162,-0.009954,-0.009767,-0.009620,-0.009513,-0.009431,-0.009350,-0.009251,-0.009117,-0.008940,-0.008723,-0.008472,-0.008200,-0.007919,-0.007642,-0.007376,-0.007127,-0.006896,-0.006682,-0.006482,-0.006290,-0.006102,-0.005914,-0.005722,-0.005523,-0.005315,-0.005093,-0.004840,-0.004513,-0.004001,-0.003082,-0.001390,0.001465,0.005338,0.008982,0.011529,0.014502,0.021892,0.023687,0.084561,0.117464,0.060393,0.017666,0.000152
0.000222,0.000253,0.000179,-0.000389,-0.001377,-0.002665,-0.004061,-0.005354,-0.006387,-0.007103,-0.007545,-0.007821,-0.008048,-0.008305,-0.008615,-0.008951,-0.009256,-0.009474,-0.009572,-0.009549,-0.009429,-0.009254,-0.009066,-0.008897,-0.008763,-0.008663,-0.008585,-0.008509,-0.008418,-0.008297,-0.008140,-0.007946,-0.007721,-0.007476,-0.007221,-0.006967,-0.006722,-0.006491,-0.006276,-0.006077,-0.005890,-0.005712,-0.005539,-0.005367,-0.005193,-0.005012,-0.004820,-0.004605,-0.004329,-0.003903,-0.003138,-0.001697,0.000844,0.004597,0.008781,0.012524,0.015959,0.021499,0.022021,0.070929,0.102733,0.058202,0.017781,0.000764
0.000149,0.000208,0.000229,-0.000132,-0.000856,-0.001890,-0.003105,-0.004326,-0.005389,-0.006195,-0.006729,-0.007051,-0.007260,-0.007450,-0.007678,-0.007952,-0.008241,-0.008496,-0.008671,-0.008741,-0.008707,-0.008593,-0.008433,-0.008263,-0.008110,-0.007986,-0.007893,-0.007818,-0.007747,-0.007663,-0.007553,-0.007412,-0.007238,-0.007037,-0.006816,-0.006585,-0.006353,-0.006128,-0.005914,-0.005714,-0.005528,-0.005354,-0.005189,-0.005029,-0.004872,-0.004712,-0.004545,-0.004360,-0.004128,-0.003776,-0.003144,-0.001936,0.000274,0.003758,0.008127,0.012655,0.016735,0.021478,0.021374,0.060530,0.089041,0.054719,0.017871,0.001438
0.000095,0.000166,0.000238,0.000027,-0.000483,-0.001285,-0.002302,-0.003407,-0.004449,-0.005310,-0.005933,-0.006329,-0.006564,-0.006727,-0.006890,-0.007093,-0.007334,-0.007582,-0.007795,-0.007935,-0.007983,-0.007943,-0.007835,-0.007689,-0.007535,-0.007395,-0.007282,-0.007194,-0.007123,-0.007056,-0.006978,-0.006878,-0.006751,-0.006595,-0.006414,-0.006215,-0.006005,-0.005794,-0.005587,-0.005389,-0.005203,-0.005030,-0.004868,-0.004715,-0.004567,-0.004422,-0.004274,-0.004113,-0.003917,-0.003625,-0.003107,-0.002104,-0.000217,0.002921,0.007217,0.012162,0.016866,0.021507,0.021358,0.052996,0.076742,0.050077,0.017770,0.002265
0.000056,0.000127,0.000223,0.000115,-0.000229,-0.000828,-0.001651,-0.002611,-0.003588,-0.004462,-0.005151,-0.005627,-0.005920,-0.006094,-0.006224,-0.006367,-0.006548,-0.006760,-0.006973,-0.007151,-0.007262,-0.007293,-0.007249,-0.007147,-0.007013,-0.006873,-0.006746,-0.006642,-0.006559,-0.006492,-0.006428,-0.006355,-0.006264,-0.006150,-0.006009,-0.005847,-0.005667,-0.005477,-0.005284,-0.005094,-0.004911,-0.004739,-0.004578,-0.004428,-0.004285,-0.004149,-0.004013,-0.003871,-0.003702,-0.003459,-0.003034,-0.002207,-0.000614,0.002149,0.006201,0.011261,0.016438,0.021342,0.021589,0.047751,0.066175,0.044677,0.017348,0.003212
0.000029,0.000094,0.000195,0.000155,-0.000064,-0.000496,-0.001139,-0.001945,-0.002823,-0.003670,-0.004393,-0.004938,-0.005300,-0.005515,-0.005646,-0.005753,-0.005880,-0.006042,-0.006228,-0.006410,-0.006558,-0.006646,-0.006664,-0.006617,-0.006521,-0.006399,-0.006272,-0.006156,-0.006060,-0.005983,-0.005919,-0.005858,-0.005790,-0.005707,-0.005603,-0.005476,-0.005330,-0.005167,-0.004995,-0.004819,-0.004645,-0.004477,-0.004318,-0.004168,-0.004028,-0.003896,-0.003768,-0.003638,-0.003490,-0.003285,-0.002935,-0.002253,-0.000920,0.001475,0.005185,0.010135,0.015575,0.020852,0.021755,0.044143,0.057501,0.039038,0.016558,0.004149
0.000012,0.000068,0.000162,0.000164,0.000035,-0.000265,-0.000751,-0.001403,-0.002165,-0.002951,-0.003673,-0.004264,-0.004691,-0.004964,-0.005123,-0.005223,-0.005314,-0.005427,-0.005572,-0.005735,-0.005891,-0.006013,-0.006082,-0.006090,-0.006042,-0.005953,-0.005841,-0.005726,-0.005620,-0.005531,-0.005458,-0.005397,-0.005340,-0.005276,-0.005200,-0.005105,-0.004991,-0.004859,-0.004712,-0.004556,-0.004395,-0.004236,-0.004081,-0.003934,-0.003796,-0.003665,-0.003541,-0.003419,-0.003285,-0.003109,-0.002817,-0.002255,-0.001142,0.000911,0.004238,0.008923,0.014416,0.020012,0.021650,0.041561,0.050658,0.033645,0.015439,0.004920
0.000001,0.000047,0.000130,0.000155,0.000088,-0.000110,-0.000465,-0.000977,-0.001615,-0.002317,-0.003007,-0.003615,-0.004093,-0.004426,-0.004631,-0.004749,-0.004826,-0.004905,-0.005007,-0.005136,-0.005279,-0.005412,-0.005513,-0.005567,-0.005567,-0.005519,-0.005436,-0.005333,-0.005228,-0.005131,-0.005049,-0.004981,-0.004923,-0.004868,-0.004809,-0.004739,-0.004653,-0.004549,-0.004430,-0.004297,-0.004155,-0.004009,-0.003863,-0.003721,-0.003585,-0.003457,-0.003335,-0.003217,-0.003093,-0.002937,-0.002690,-0.002223,-0.001294,0.000456,0.003396,0.007725,0.013093,0.018871,0.021184,0.039513,0.045403,0.028848,0.014092,0.005412
-0.000006,0.000031,0.000100,0.000137,0.000111,-0.000012,-0.000262,-0.000652,-0.001170,-0.001775,-0.002409,-0.003006,-0.003513,-0.003896,-0.004153,-0.004306,-0.004394,-0.004456,-0.004525,-0.004617,-0.004733,-0.004857,-0.004971,-0.005054,-0.005095,-0.005090,-0.005042,-0.004965,-0.004871,-0.004775,-0.004686,-0.004610,-0.004546,-0.004491,-0.004440,-0.004384,-0.004319,-0.004240,-0.004147,-0.004039,-0.003918,-0.003790,-0.003657,-0.003524,-0.003393,-0.003268,-0.003148,-0.003033,-0.002915,-0.002774,-0.002561,-0.002168,-0.001390,0.000099,0.002672,0.006603,0.011714,0.017515,0.020355,0.037658,0.041394,0.024829,0.012647,0.005580
-0.000009,0.000019,0.000075,0.000115,0.000114,0.000044,-0.000125,-0.000412,-0.000819,-0.001324,-0.001886,-0.002449,-0.002960,-0.003378,-0.003683,-0.003881,-0.003995,-0.004060,-0.004111,-0.004173,-0.004257,-0.004359,-0.004468,-0.004564,-0.004633,-0.004664,-0.004654,-0.004608,-0.004536,-0.004450,-0.004362,-0.004280,-0.004210,-0.004150,-0.004098,-0.004049,-0.003997,-0.003937,-0.003865,-0.003780,-0.003682,-0.003573,-0.003457,-0.003336,-0.003214,-0.003094,-0.002978,-0.002866,-0.002752,-0.002622,-0.002434,-0.002100,-0.001442,-0.000174,0.002066,0.005592,0.010362,0.016039,0.019223,0.035794,0.038274,0.021616,0.011222,0.005454
-0.000010,0.000011,0.000054,0.000092,0.000106,0.000072,-0.000036,-0.000240,-0.000551,-0.000960,-0.001442,-0.001954,-0.002448,-0.002880,-0.003222,-0.003463,-0.003614,-0.003699,-0.003748,-0.003791,-0.003847,-0.003923,-0.004014,-0.004108,-0.004190,-0.004247,-0.004269,-0.004256,-0.004211,-0.004144,-0.004066,-0.003985,-0.003910,-0.003845,-0.003789,-0.003740,-0.003694,-0.003645,-0.003589,-0.003524,-0.003446,-0.003357,-0.003259,-0.003153,-0.003043,-0.002931,-0.002821,-0.002713,-0.002604,-0.002481,-0.002313,-0.002024,-0.001464,-0.000379,0.001567,0.004704,0.009090,0.014530,0.017878,0.033830,0.035727,0.019132,0.009907,0.005106
-0.000010,0.000005,0.000038,0.000072,0.000093,0.000082,0.000018,-0.000122,-0.000352,-0.000674,-0.001075,-0.001524,-0.001984,-0.002412,-0.002776,-0.003053,-0.003243,-0.003357,-0.003419,-0.003458,-0.003495,-0.003545,-0.003614,-0.003695,-0.003777,-0.003847,-0.003893,-0.003908,-0.003892,-0.003850,-0.003787,-0.003715,-0.003642,-0.003573,-0.003512,-0.003460,-0.003414,-0.003370,-0.003324,-0.003273,-0.003213,-0.003142,-0.003061,-0.002972,-0.002876,-0.002775,-0.002673,-0.002571,-0.002467,-0.002352,-0.002199,-0.001946,-0.001464,-0.000531,0.001161,0.003940,0.007929,0.013055,0.016416,0.031752,0.033511,0.017239,0.008755,0.004628
-0.000009,0.000001,0.000025,0.000054,0.000077,0.000081,0.000047,-0.000045,-0.000209,-0.000456,-0.000779,-0.001162,-0.001576,-0.001983,-0.002351,-0.002653,-0.002877,-0.003025,-0.003111,-0.003158,-0.003188,-0.003220,-0.003267,-0.003329,-0.003400,-0.003471,-0.003530,-0.003568,-0.003578,-0.003560,-0.003519,-0.003462,-0.003396,-0.003328,-0.003265,-0.003209,-0.003160,-0.003116,-0.003075,-0.003032,-0.002984,-0.002929,-0.002865,-0.002792,-0.002710,-0.002623,-0.002531,-0.002437,-0.002340,-0.002232,-0.002093,-0.001868,-0.001449,-0.000642,0.000833,0.003291,0.006893,0.011661,0.014925,0.029587,0.031457,0.015787,0.007787,0.004107
-0.000008,-0.000001,0.000016,0.000039,0.000061,0.000073,0.000059,0.000003,-0.000111,-0.000294,-0.000548,-0.000865,-0.001225,-0.001599,-0.001957,-0.002270,-0.002520,-0.002700,-0.002814,-0.002879,-0.002913,-0.002938,-0.002967,-0.003009,-0.003065,-0.003128,-0.003190,-0.003240,-0.003270,-0.003275,-0.003257,-0.003218,-0.003165,-0.003104,-0.003042,-0.002984,-0.002932,-0.002886,-0.002845,-0.002806,-0.002766,-0.002722,-0.002671,-0.002612,-0.002546,-0.002472,-0.002392,-0.002308,-0.002219,-0.002120,-0.001992,-0.001792,-0.001425,-0.000722,0.000570,0.002743,0.005983,0.010376,0.013472,0.027383,0.029465,0.014637,0.006996,0.003610
-0.000007,-0.000002,0.000009,0.000027,0.000047,0.000062,0.000061,0.000030,-0.000045,-0.000177,-0.000371,-0.000627,-0.000931,-0.001264,-0.001599,-0.001910,-0.002175,-0.002381,-0.002524,-0.002612,-0.002660,-0.002686,-0.002706,-0.002733,-0.002771,-0.002822,-0.002878,-0.002931,-0.002973,-0.002996,-0.002999,-0.002980,-0.002943,-0.002893,-0.002837,-0.002781,-0.002727,-0.002679,-0.002636,-0.002598,-0.002561,-0.002524,-0.002482,-0.002436,-0.002382,-0.002321,-0.002254,-0.002181,-0.002102,-0.002012,-0.001897,-0.001718,-0.001394,-0.000777,0.000358,0.002283,0.005191,0.009213,0.012106,0.025190,0.027487,0.013676,0.006362,0.003180
-0.000005,-0.000003,0.000004,0.000018,0.000035,0.000051,0.000057,0.000043,-0.000004,-0.000096,-0.000240,-0.000440,-0.000691,-0.000978,-0.001283,-0.001580,-0.001849,-0.002071,-0.002239,-0.002353,-0.002420,-0.002456,-0.002475,-0.002492,-0.002516,-0.002552,-0.002597,-0.002646,-0.002692,-0.002727,-0.002746,-0.002745,-0.002726,-0.002691,-0.002645,-0.002594,-0.002542,-0.002493,-0.002448,-0.002408,-0.002372,-0.002338,-0.002303,-0.002264,-0.002221,-0.002172,-0.002117,-0.002055,-0.001986,-0.001907,-0.001804,-0.001644,-0.001358,-0.000815,0.000187,0.001897,0.004506,0.008175,0.010855,0.023055,0.025512,0.012823,0.005856,0.002836
-0.000004,-0.000003,0.000001,0.000011,0.000025,0.000040,0.000050,0.000046,0.000019,-0.000042,-0.000146,-0.000299,-0.000500,-0.000741,-0.001009,-0.001284,-0.001546,-0.001776,-0.001962,-0.002098,-0.002188,-0.002239,-0.002265,-0.002280,-0.002295,-0.002317,-0.002349,-0.002390,-0.002433,-0.002473,-0.002502,-0.002516,-0.002513,-0.002494,-0.002461,-0.002419,-0.002372,-0.002324,-0.002278,-0.002237,-0.002200,-0.002166,-0.002134,-0.002101,-0.002066,-0.002026,-0.001981,-0.001930,-0.001872,-0.001803,-0.001712,-0.001571,-0.001318,-0.000838,0.000050,0.001572,0.003916,0.007255,0.009733,0.021012,0.023547,0.012025,0.005448,0.002579
-0.000003,-0.000003,-0.000000,0.000007,0.000018,0.000030,0.000041,0.000044,0.000031,-0.000007,-0.000080,-0.000194,-0.000351,-0.000549,-0.000778,-0.001024,-0.001270,-0.001499,-0.001695,-0.001850,-0.001960,-0.002030,-0.002069,-0.002088,-0.002099,-0.002112,-0.002133,-0.002163,-0.002199,-0.002237,-0.002271,-0.002295,-0.002306,-0.002301,-0.002282,-0.002251,-0.002212,-0.002169,-0.002125,-0.002083,-0.002044,-0.002010,-0.001978,-0.001948,-0.001917,-0.001884,-0.001848,-0.001806,-0.001758,-0.001699,-0.001621,-0.001497,-0.001274,-0.000848,-0.000060,0.001299,0.003408,0.006446,0.008740,0.019086,0.021612,0.011251,0.005110,0.002399
-0.000002,-0.000002,-0.000001,0.000003,0.000012,0.000022,0.000033,0.000039,0.000035,0.000012,-0.000036,-0.000118,-0.000238,-0.000396,-0.000587,-0.000802,-0.001026,-0.001245,-0.001443,-0.001609,-0.001737,-0.001826,-0.001880,-0.001909,-0.001923,-0.001932,-0.001944,-0.001963,-0.001990,-0.002023,-0.002056,-0.002085,-0.002105,-0.002113,-0.002107,-0.002088,-0.002059,-0.002023,-0.001983,-0.001943,-0.001904,-0.001869,-0.001836,-0.001807,-0.001778,-0.001750,-0.001719,-0.001685,-0.001645,-0.001596,-0.001529,-0.001422,-0.001225,-0.000848,-0.000146,0.001070,0.002971,0.005734,0.007870,0.017292,0.019729,0.010489,0.004821,0.002278
-0.000002,-0.000002,-0.000002,0.000001,0.000007,0.000016,0.000025,0.000033,0.000034,0.000023,-0.000008,-0.000065,-0.000154,-0.000277,-0.000433,-0.000615,-0.000814,-0.001017,-0.001210,-0.001381,-0.001521,-0.001626,-0.001697,-0.001739,-0.001761,-0.001771,-0.001778,-0.001789,-0.001807,-0.001832,-0.001861,-0.001890,-0.001914,-0.001931,-0.001936,-0.001929,-0.001911,-0.001884,-0.001850,-0.001813,-0.001776,-0.001741,-0.001708,-0.001678,-0.001650,-0.001624,-0.001597,-0.001568,-0.001535,-0.001495,-0.001438,-0.001345,-0.001173,-0.000839,-0.000213,0.000877,0.002594,0.005110,0.007111,0.015637,0.017920,0.009737,0.004563,0.002199
-0.000001,-0.000002,-0.000002,-0.000000,0.000004,0.000011,0.000019,0.000027,0.000031,0.000026,0.000008,-0.000030,-0.000094,-0.000188,-0.000312,-0.000463,-0.000634,-0.000817,-0.000999,-0.001168,-0.001315,-0.001432,-0.001518,-0.001575,-0.001607,-0.001623,-0.001630,-0.001636,-0.001647,-0.001663,-0.001685,-0.001711,-0.001736,-0.001757,-0.001771,-0.001774,-0.001766,-0.001749,-0.001723,-0.001692,-0.001658,-0.001624,-0.001591,-0.001561,-0.001533,-0.001507,-0.001482,-0.001457,-0.001429,-0.001395,-0.001348,-0.001268,-0.001117,-0.000822,-0.000264,0.000716,0.002269,0.004563,0.006450,0.014121,0.016202,0.008998,0.004322,0.002143
-0.000001,-0.000001,-0.000002,-0.000001,0.000002,0.000007,0.000013,0.000021,0.000026,0.000026,0.000017,-0.000008,-0.000053,-0.000122,-0.000218,-0.000340,-0.000485,-0.000645,-0.000811,-0.000973,-0.001121,-0.001246,-0.001344,-0.001414,-0.001459,-0.001483,-0.001495,-0.001500,-0.001506,-0.001515,-0.001530,-0.001550,-0.001573,-0.001595,-0.001613,-0.001624,-0.001625,-0.001617,-0.001600,-0.001577,-0.001548,-0.001517,-0.001485,-0.001455,-0.001427,-0.001401,-0.001377,-0.001353,-0.001329,-0.001300,-0.001259,-0.001191,-0.001059,-0.000797,-0.000299,0.000582,0.001989,0.004081,0.005872,0.012739,0.014588,0.008280,0.004091,0.002096
-0.000000,-0.000001,-0.000002,-0.000001,0.000001,0.000004,0.000009,0.000015,0.000021,0.000024,0.000020,0.000006,-0.000025,-0.000074,-0.000147,-0.000244,-0.000363,-0.000500,-0.000648,-0.000798,-0.000942,-0.001070,-0.001176,-0.001258,-0.001315,-0.001350,-0.001368,-0.001376,-0.001380,-0.001385,-0.001394,-0.001408,-0.001426,-0.001446,-0.001465,-0.001480,-0.001489,-0.001489,-0.001481,-0.001465,-0.001442,-0.001416,-0.001387,-0.001358,-0.001330,-0.001304,-0.001280,-0.001257,-0.001234,-0.001209,-0.001174,-0.001114,-0.000999,-0.000768,-0.000323,0.000470,0.001747,0.003658,0.005366,0.011484,0.013086,0.007589,0.003865,0.002048
-0.000000,-0.000001,-0.000001,-0.000001,-0.000000,0.000002,0.000006,0.000011,0.000017,0.000020,0.000020,0.000013,-0.000007,-0.000042,-0.000095,-0.000170,-0.000266,-0.000380,-0.000509,-0.000645,-0.000779,-0.000906,-0.001016,-0.001106,-0.001174,-0.001220,-0.001247,-0.001261,-0.001267,-0.001270,-0.001274,-0.001282,-0.001295,-0.001312,-0.001329,-0.001346,-0.001359,-0.001365,-0.001364,-0.001356,-0.001340,-0.001319,-0.001295,-0.001268,-0.001242,-0.001216,-0.001192,-0.001169,-0.001147,-0.001124,-0.001093,-0.001041,-0.000939,-0.000734,-0.000336,0.000378,0.001539,0.003285,0.004920,0.010347,0.011700,0.006934,0.003642,0.001991
-0.000000,-0.000001,-0.000001,-0.000001,-0.000001,0.000001,0.000004,0.000008,0.000013,0.000017,0.000019,0.000015,0.000004,-0.000020,-0.000058,-0.000115,-0.000190,-0.000284,-0.000393,-0.000512,-0.000636,-0.000756,-0.000866,-0.000961,-0.001037,-0.001093,-0.001130,-0.001151,-0.001162,-0.001166,-0.001168,-0.001172,-0.001180,-0.001192,-0.001206,-0.001222,-0.001236,-0.001247,-0.001251,-0.001250,-0.001241,-0.001227,-0.001207,-0.001184,-0.001160,-0.001136,-0.001112,-0.001089,-0.001068,-0.001045,-0.001017,-0.000970,-0.000881,-0.000698,-0.000342,0.000303,0.001358,0.002955,0.004523,0.009318,0.010430,0.006319,0.003420,0.001922
-0.000000,-0.000000,-0.000001,-0.000001,-0.000001,0.000000,0.000002,0.000005,0.000009,0.000013,0.000016,0.000016,0.000009,-0.000005,-0.000032,-0.000074,-0.000132,-0.000207,-0.000297,-0.000400,-0.000510,-0.000622,-0.000729,-0.000825,-0.000907,-0.000970,-0.001016,-0.001046,-0.001062,-0.001069,-0.001072,-0.001074,-0.001078,-0.001085,-0.001096,-0.001109,-0.001123,-0.001135,-0.001144,-0.001147,-0.001145,-0.001136,-0.001122,-0.001104,-0.001083,-0.001061,-0.001038,-0.001016,-0.000995,-0.000973,-0.000946,-0.000904,-0.000824,-0.000661,-0.000341,0.000241,0.001202,0.002663,0.004168,0.008387,0.009274,0.005747,0.003201,0.001840
-0.000000,-0.000000,-0.000001,-0.000001,-0.000001,-0.000000,0.000001,0.000003,0.000006,0.000010,0.000013,0.000014,0.000012,0.000003,-0.000015,-0.000045,-0.000089,-0.000147,-0.000221,-0.000307,-0.000403,-0.000504,-0.000605,-0.000699,-0.000783,-0.000852,-0.000906,-0.000943,-0.000967,-0.000979,-0.000984,-0.000986,-0.000988,-0.000991,-0.000998,-0.001008,-0.001020,-0.001032,-0.001042,-0.001049,-0.001052,-0.001049,-0.001040,-0.001027,-0.001010,-0.000991,-0.000970,-0.000949,-0.000928,-0.000907,-0.000882,-0.000843,-0.000771,-0.000624,-0.000336,0.000191,0.001066,0.002403,0.003848,0.007545,0.008227,0.005219,0.002986,0.001747
0.000000,-0.000000,-0.000001,-0.000001,-0.000001,-0.000001,0.000000,0.000002,0.000004,0.000007,0.000010,0.000012,0.000012,0.000007,-0.000004,-0.000025,-0.000057,-0.000102,-0.000160,-0.000232,-0.000313,-0.000402,-0.000494,-0.000584,-0.000667,-0.000740,-0.000799,-0.000844,-0.000874,-0.000893,-0.000902,-0.000906,-0.000907,-0.000908,-0.000912,-0.000918,-0.000927,-0.000937,-0.000948,-0.000957,-0.000962,-0.000964,-0.000961,-0.000952,-0.000940,-0.000924,-0.000906,-0.000887,-0.000867,-0.000847,-0.000822,-0.000786,-0.000720,-0.000588,-0.000328,0.000149,0.000948,0.002172,0.003558,0.006783,0.007284,0.004736,0.002777,0.001647
0.000000,-0.000000,-0.000000,-0.000001,-0.000001,-0.000001,-0.000000,0.000001,0.000003,0.000005,0.000008,0.000010,0.000011,0.000009,0.000002,-0.000012,-0.000035,-0.000068,-0.000114,-0.000171,-0.000239,-0.000316,-0.000398,-0.000482,-0.000562,-0.000635,-0.000697,-0.000747,-0.000784,-0.000809,-0.000824,-0.000831,-0.000833,-0.000834,-0.000835,-0.000838,-0.000844,-0.000852,-0.000862,-0.000871,-0.000878,-0.000883,-0.000883,-0.000880,-0.000872,-0.000860,-0.000845,-0.000829,-0.000811,-0.000791,-0.000768,-0.000734,-0.000674,-0.000554,-0.000319,0.000115,0.000844,0.001965,0.003292,0.006092,0.006437,0.004294,0.002574,0.001541
0.000000,-0.000000,-0.000000,-0.000000,-0.000001,-0.000001,-0.000000,0.000000,0.000002,0.000004,0.000006,0.000008,0.000010,0.000009,0.000006,-0.000003,-0.000019,-0.000044,-0.000078,-0.000124,-0.000180,-0.000245,-0.000316,-0.000392,-0.000467,-0.000538,-0.000601,-0.000655,-0.000697,-0.000728,-0.000748,-0.000759,-0.000765,-0.000766,-0.000766,-0.000767,-0.000771,-0.000776,-0.000783,-0.000791,-0.000799,-0.000806,-0.000809,-0.000809,-0.000805,-0.000798,-0.000787,-0.000773,-0.000757,-0.000739,-0.000718,-0.000686,-0.000631,-0.000522,-0.000308,0.000086,0.000752,0.001778,0.003046,0.005464,0.005677,0.003891,0.002379,0.001434
0.000000,-0.000000,-0.000000,-0.000000,-0.000001,-0.000001,-0.000000,-0.000000,0.000001,0.000002,0.000004,0.000006,0.000008,0.000009,0.000007,0.000002,-0.000009,-0.000026,-0.000052,-0.000088,-0.000132,-0.000186,-0.000247,-0.000314,-0.000382,-0.000450,-0.000512,-0.000568,-0.000614,-0.000650,-0.000675,-0.000691,-0.000700,-0.000703,-0.000704,-0.000704,-0.000705,-0.000708,-0.000713,-0.000719,-0.000726,-0.000733,-0.000738,-0.000741,-0.000740,-0.000736,-0.000729,-0.000718,-0.000705,-0.000690,-0.000670,-0.000641,-0.000591,-0.000491,-0.000297,0.000062,0.000671,0.001609,0.002817,0.004891,0.004995,0.003522,0.002191,0.001328
0.000000,-0.000000,-0.000000,-0.000000,-0.000000,-0.000001,-0.000001,-0.000000,0.000000,0.000001,0.000003,0.000005,0.000006,0.000007,0.000007,0.000004,-0.000002,-0.000015,-0.000033,-0.000060,-0.000095,-0.000139,-0.000190,-0.000248,-0.000309,-0.000371,-0.000431,-0.000486,-0.000534,-0.000574,-0.000603,-0.000624,-0.000637,-0.000643,-0.000645,-0.000645,-0.000645,-0.000646,-0.000648,-0.000653,-0.000658,-0.000664,-0.000670,-0.000674,-0.000676,-0.000675,-0.000671,-0.000664,-0.000654,-0.000641,-0.000624,-0.000598,-0.000551,-0.000461,-0.000285,0.000041,0.000597,0.001454,0.002600,0.004363,0.004377,0.003180,0.002009,0.001223
0.000000,0.000000,-0.000000,-0.000000,-0.000000,-0.000000,-0.000000,-0.000000,0.000000,0.000001,0.000002,0.000003,0.000005,0.000006,0.000007,0.000005,0.000001,-0.000007,-0.000020,-0.000040,-0.000067,-0.000102,-0.000144,-0.000193,-0.000246,-0.000302,-0.000358,-0.000411,-0.000459,-0.000501,-0.000534,-0.000558,-0.000575,-0.000584,-0.000588,-0.000589,-0.000588,-0.000587,-0.000588,-0.000589,-0.000593,-0.000598,-0.000603,-0.000607,-0.000611,-0.000612,-0.000611,-0.000606,-0.000600,-0.000590,-0.000575,-0.000553,-0.000511,-0.000430,-0.000271,0.000025,0.000531,0.001310,0.002389,0.003865,0.003807,0.002852,0.001825,0.001112
0.000000,0.000000,-0.000000,-0.000000,-0.000000,-0.000000,-0.000000,-0.000000,-0.000000,0.000000,0.000001,0.000002,0.000004,0.000005,0.000006,0.000006,0.000003,-0.000002,-0.000011,-0.000025,-0.000046,-0.000073,-0.000107,-0.000147,-0.000193,-0.000242,-0.000292,-0.000342,-0.000389,-0.000430,-0.000464,-0.000491,-0.000511,-0.000523,-0.000529,-0.000531,-0.000530,-0.000528,-0.000526,-0.000525,-0.000526,-0.000529,-0.000533,-0.000537,-0.000541,-0.000544,-0.000545,-0.000543,-0.000540,-0.000533,-0.000522,-0.000503,-0.000467,-0.000395,-0.000252,0.000013,0.000468,0.001169,0.002172,0.003380,0.003262,0.002526,0.001621,0.000972
0.000000,0.000000,-0.000000,-0.000000,-0.000000,-0.000000,-0.000000,-0.000000,-0.000000,0.000000,0.000001,0.000001,0.000003,0.000004,0.000005,0.000005,0.000004,0.000001,-0.000005,-0.000015,-0.000030,-0.000051,-0.000077,-0.000110,-0.000147,-0.000189,-0.000233,-0.000277,-0.000320,-0.000360,-0.000393,-0.000421,-0.000441,-0.000454,-0.000462,-0.000464,-0.000462,-0.000459,-0.000456,-0.000453,-0.000451,-0.000452,-0.000454,-0.000457,-0.000461,-0.000465,-0.000468,-0.000469,-0.000468,-0.000465,-0.000458,-0.000443,-0.000413,-0.000351,-0.000227,0.000006,0.000408,0.001024,0.001936,0.002883,0.002724,0.002177,0.001358,0.000758
0.000000,0.000000,-0.000000,-0.000000,-0.000000,-0.000000,-0.000000,-0.000000,-0.000000,-0.000000,0.000000,0.000001,0.000002,0.000003,0.000004,0.000004,0.000004,0.000003,-0.000001,-0.000008,-0.000018,-0.000033,-0.000053,-0.000078,-0.000108,-0.000141,-0.000178,-0.000215,-0.000252,-0.000286,-0.000316,-0.000341,-0.000359,-0.000371,-0.000378,-0.000379,-0.000377,-0.000372,-0.000366,-0.000361,-0.000358,-0.000356,-0.000357,-0.000360,-0.000364,-0.000369,-0.000374,-0.000378,-0.000380,-0.000381,-0.000378,-0.000368,-0.000345,-0.000295,-0.000192,0.000004,0.000343,0.000864,0.001660,0.002352,0.002181,0.001760,0.000975,0.000420
0.000000,0.000000,0.000000,-0.000000,-0.000000,-0.000000,-0.000000,-0.000000,-0.000000,-0.000000,0.000000,0.000000,0.000001,0.000002,0.000003,0.000003,0.000004,0.000003,0.000001,-0.000003,-0.000010,-0.000020,-0.000034,-0.000051,-0.000072,-0.000097,-0.000123,-0.000151,-0.000178,-0.000203,-0.000226,-0.000244,-0.000257,-0.000264,-0.000267,-0.000265,-0.000260,-0.000254,-0.000246,-0.000240,-0.000235,-0.000233,-0.000233,-0.000236,-0.000242,-0.000248,-0.000256,-0.000263,-0.000269,-0.000274,-0.000275,-0.000272,-0.000258,-0.000222,-0.000145,0.000005,0.000268,0.000674,0.001318,0.001781,0.001591,0.001221,0.000426,-0.000104
0.000000,0.000000,0.000000,-0.000000,-0.000000,-0.000000,-0.000000,-0.000000,-0.000000,-0.000000,-0.000000,0.000000,0.000001,0.000001,0.000002,0.000002,0.000003,0.000003,0.000002,0.000000,-0.000003,-0.000009,-0.000017,-0.000028,-0.000042,-0.000059,-0.000077,-0.000098,-0.000119,-0.000139,-0.000158,-0.000175,-0.000189,-0.000199,-0.000205,-0.000208,-0.000208,-0.000206,-0.000203,-0.000200,-0.000197,-0.000196,-0.000195,-0.000197,-0.000199,-0.000203,-0.000207,-0.000211,-0.000214,-0.000215,-0.000214,-0.000210,-0.000198,-0.000172,-0.000119,-0.000015,0.000172,0.000467,0.000973,0.001293,0.001152,0.000709,0.000513,0.000526
0.000000,0.000000,0.000000,0.000000,-0.000000,-0.000000,-0.000000,-0.000000,-0.000000,-0.000000,-0.000000,-0.000000,0.000000,0.000001,0.000001,0.000002,0.000002,0.000003,0.000003,0.000002,0.000001,-0.000002,-0.000007,-0.000014,-0.000023,-0.000034,-0.000048,-0.000063,-0.000080,-0.000097,-0.000113,-0.000128,-0.000142,-0.000152,-0.000159,-0.000162,-0.000163,-0.000160,-0.000154,-0.000147,-0.000139,-0.000131,-0.000123,-0.000116,-0.000110,-0.000105,-0.000102,-0.000100,-0.000098,-0.000097,-0.000097,-0.000095,-0.000091,-0.000081,-0.000056,0.000002,0.000118,0.000319,0.000697,0.000887,0.000587,0.000502,0.000275,0.000035
0.000000,0.000000,0.000000,0.000000,-0.000000,-0.000000,-0.000000,-0.000000,-0.000000,-0.000000,-0.000000,-0.000000,0.000000,0.000000,0.000001,0.000001,0.000002,0.000002,0.000002,0.000002,0.000001,-0.000001,-0.000004,-0.000009,-0.000015,-0.000023,-0.000033,-0.000043,-0.000054,-0.000065,-0.000075,-0.000083,-0.000089,-0.000092,-0.000091,-0.000087,-0.000080,-0.000070,-0.000059,-0.000047,-0.000035,-0.000025,-0.000017,-0.000012,-0.000009,-0.000009,-0.000012,-0.000017,-0.000023,-0.000030,-0.000037,-0.000042,-0.000046,-0.000044,-0.000033,-0.000003,0.000062,0.000168,0.000391,0.000350,0.000213,0.000188,0.000055,-0.000006
-0.000000,-0.000000,-0.000000,-0.000000,-0.000000,-0.000000,-0.000000,-0.000000,-0.000000,-0.000000,-0.000000,-0.000000,-0.000000,-0.000000,-0.000000,-0.000000,-0.000000,-0.000000,-0.000000,-0.000000,-0.000000,-0.000000,-0.000000,-0.000000,-0.000000,-0.000000,-0.000000,-0.000000,-0.000000,-0.000000,-0.000000,-0.000000,-0.000000,-0.000000,-0.000000,-0.000000,-0.000000,-0.000000,-0.000000,-0.000000,-0.000000,-0.000000,-0.000000,-0.000000,-0.000000,-0.000000,-0.000000,-0.000000,-0.000000,-0.000000,-0.000000,-0.000000,-0.000000,-0.000000,-0.000000,-0.000000,-0.000000,-0.000000,-0.000000,-0.000000,-0.000000,-0.000000,-0.000000,-0.000000
